2273183 0 0 0 0 0 0 0 0 0 0 0 0 0 0 0 0 0 0 0 0 0 0 0 0 4540 4666 4811 4770 4686 4965 5011 4781 4512 4296 4139 4007 3911 3818 3725 3632 3536 2389 1730 2857 3281 3228 3182 3149 3193 2707 1547 1115 1019 953 901 844 782 761 813 878 820 775 995 1480 1588 1540 1520 1481 1437 1432 1464 1511 1525 1551 1595 1667 3645 3963 3654 3371 3168 2991 1006 880 869 839 807 781 758 740 728 717 710 710 710 720 720 729 753 776 801 820 827 785 733 778 834 887 943 1004 1089 1225 1395 1755 2324 3033 3453 3849 4162 5591 7765 8027 4858 4330
2699472 0 0 0 0 0 0 0 0 0 0 0 0 0 0 0 0 0 0 0 0 0 0 0 0 4418 4543 4692 4819 4626 4729 5046 4963 4692 4448 4258 4115 4013 3929 3849 3783 3728 3661 2944 1997 3255 3468 3439 3396 3360 3402 3392 1397 1152 1053 956 918 859 804 774 810 898 876 807 921 1284 1387 1464 1549 1529 1483 1452 1472 1514 1552 1553 1577 1598 2020 3467 3974 3786 3514 3282 2806 1448 1030 892 872 838 805 790 771 748 720 717 712 710 710 710 720 723 747 770 779 776 795 728 684 720 761 805 863 911 958 1018 1100 1227 1409 1727 2225 2774 3718 4079 4070
3127695 0 0 0 0 0 0 0 0 0 0 0 0 0 0 0 0 0 0 0 0 0 0 0 0 4156 4609 7545 4306 4189 4278 4397 4535 4709 4679 4572 4801 5004 4906 4692 4516 4372 4219 4082 3982 3891 3806 3741 3680 3650 3637 3601 3593 3636 3672 3655 3529 3493 3448 3124 1601 1229 1140 1080 1026 991 960 929 917 960 1006 966 950 1533 1568 1698 1678 1657 1617 1610 1662 1686 1708 1738 1817 3181 4389 3982 3707 2782 1010 973 941 899 882 840 807 781 762 741 731 720 711 710 710 710 716 701 690 630 630 634 658 680 708 750 806 854 905 965 1030 1130 1265 1524 1950
3560906 0 0 0 0 0 0 0 0 0 0 0 0 0 0 0 0 0 0 0 0 0 0 0 0 2331 3039 3846 3930 3914 3969 3934 3991 4052 4132 4223 4366 4510 4642 4435 4423 4567 4817 4758 4470 4269 4117 4004 3907 3820 3740 3677 3639 3625 3603 3593 3605 3632 3672 3718 3542 3529 3416 3830 4415 1477 1259 1182 1122 1072 1036 1001 982 1023 1078 1042 1304 1662 1798 1821 1800 1810 1813 1824 1857 1892 1966 3728 4587 4127 2933 1554 1113 1059 1014 983 953 931 907 883 859 837 821 810 804 793 788 718 672 670 684 690 723 749 779 820 861 905 933 980 1042 1122 1225 1391 1750
3985465 0 0 0 0 0 0 0 0 0 0 0 0 0 0 0 0 0 0 0 0 0 0 0 0 2014 2446 2962 3564 3852 3833 3842 3863 3902 3948 4005 4089 4198 4314 4452 4445 4227 4328 4570 4732 4539 4313 4129 3983 3871 3759 3678 3598 3551 3541 3606 3600 3608 3629 3590 3598 3614 3467 3441 3450 4109 3722 3088 1621 1258 1190 1130 1084 1064 1042 1020 1010 1084 1090 1089 1793 1870 1874 1896 1910 1948 1996 2034 2460 4122 4441 4078 3788 1254 1198 1139 1082 1038 1006 986 980 968 954 943 940 930 868 790 795 800 817 829 857 883 899 923 955 990 1009 1067 1126 1201 1311 1562 1790
4417870 0 0 0 0 0 0 0 0 0 0 0 0 0 0 0 0 0 0 0 0 0 0 0 0 2073 2432 2960 3608 3790 3823 4967 7305 4425 3830 3929 4001 4081 4196 4345 4266 4084 4228 4457 4606 4390 4160 3998 3868 3744 3648 3566 3493 3430 3399 3390 3427 3452 3510 3506 3491 3561 3391 3379 3463 3842 4398 3822 2883 1956 1280 1216 1162 1125 1086 1068 1056 1050 1180 1138 1605 1968 1966 2024 2059 2086 2140 2508 4169 4400 4034 2563 1504 1290 1216 1161 1120 1084 1063 1038 1021 1009 985 922 910 910 917 920 928 941 958 980 985 997 1032 1082 1142 1210 1312 1509 1661 1856 2119 2427 2840
4842195 0 0 0 0 0 0 0 0 0 0 0 0 0 0 0 0 0 0 0 0 0 0 0 0 3377 3748 3705 3773 5013 7405 4183 3743 3809 3891 3984 4090 4210 4029 3981 4144 4319 4420 4342 4179 3965 3760 3628 3523 3427 3351 3317 3286 3291 3362 3374 3385 3410 3385 3413 3475 3382 3313 3383 3684 4210 4441 2643 2425 2152 1306 1264 1230 1195 1156 1133 1122 1112 1134 1233 1281 2120 2143 2167 2214 2263 2356 3797 4558 4141 2450 1565 1428 1362 1304 1252 1215 1173 1134 1117 1043 999 990 990 992 1000 1003 1014 1028 1047 1071 1100 1146 1198 1264 1342 1518 1636 1779 1961 2182 2471 2827 3342 3670
5263434 0 0 0 0 0 0 0 0 0 0 0 0 0 0 0 0 0 0 0 0 0 0 0 0 3629 3626 3898 8031 6347 3413 3643 3700 3787 3885 4001 3982 3835 3912 4051 4227 4286 4204 4018 3855 3611 3491 3383 3311 3254 3187 3137 3120 3193 3239 3264 3289 3320 3289 3352 3402 3227 3268 3330 4018 4424 4747 2926 2428 2330 2016 1377 1303 1281 1258 1239 1224 1214 1210 1249 1329 1666 2280 2314 2364 2416 3035 4205 4376 4239 2931 1645 1566 1503 1436 1390 1356 1312 1285 1137 1110 1108 1100 1100 1100 1102 1110 1122 1143 1174 1220 1256 1296 1353 1428 1598 1691 1801 1954 2140 2380 2659 3002 3498 3630
5689351 0 0 0 0 0 0 0 0 0 0 0 0 0 0 0 0 0 0 0 0 0 0 0 0 3585 3583 3801 3977 3521 3319 3520 3604 3688 3782 3903 3939 3679 3775 3936 4097 4149 4098 3918 3733 3525 3363 3264 3172 3110 3059 3024 3004 3007 3076 3110 3130 3188 3201 3181 3249 3288 3131 3205 3221 4021 4402 4731 4122 2423 2331 2238 1931 1451 1284 1280 1270 1260 1260 1263 1270 1313 1390 2177 2405 2441 2527 3230 4638 4443 4204 2892 1762 1685 1622 1547 1492 1464 1420 1290 1269 1250 1250 1250 1250 1255 1273 1286 1315 1351 1385 1451 1528 1654 1752 1883 2044 2222 2425 2687 2778 3175 3617 3575 3640
6118799 0 0 0 0 0 0 0 0 0 0 0 0 0 0 0 0 0 0 0 0 0 0 0 0 4020 9077 4425 3450 3491 3534 3609 3703 3807 3731 3598 3717 3890 4014 4016 3869 3707 3536 3340 3188 3089 3016 2955 2880 2847 2824 2829 2873 2868 2870 2911 2971 3034 3123 3182 2989 3073 3129 2939 2765 2669 2610 2486 2318 2238 2169 2069 1650 1295 1283 1280 1280 1287 1298 1300 1332 1505 2010 2538 2615 3339 4187 4521 4212 2390 1898 1750 1734 1684 1646 1613 1486 1434 1420 1420 1420 1420 1420 1439 1473 1509 1552 1602 1661 1802 1893 2003 2145 2295 2498 2716 2819 2646 3642 3638 3612 3702 5368 8600 3400
6543014 0 0 0 0 0 0 0 0 0 0 0 0 0 0 0 0 0 0 0 0 0 0 0 0 3419 3432 3462 3512 3609 3729 3704 3458 3599 3785 3918 3750 3550 3398 3280 3164 3080 2995 2898 2816 2771 2735 2707 2693 2682 2689 2710 2739 2775 2822 2899 2994 3090 2971 2952 3068 2988 2819 2687 2551 2469 2392 2315 2250 2209 2168 2005 1412 1370 1372 1383 1398 1414 1440 1482 1675 2566 2766 3176 4638 4751 4443 3331 2129 2023 1937 1873 1828 1772 1627 1606 1591 1580 1580 1589 1590 1603 1632 1657 1693 1781 1879 1962 2051 2158 2296 2433 2598 2804 3062 3388 3600 3548 3475 3563 3808 7607 5155 3271 3260
6970052 0 0 0 0 0 0 0 0 0 0 0 0 0 0 0 0 0 0 0 0 0 0 0 0 3283 3310 3341 3386 3470 3452 3292 3327 3488 3635 3627 3448 3287 3140 3031 2942 2856 2786 2728 2662 2613 2575 2539 2520 2520 2520 2540 2569 2600 2645 2713 2777 2858 2977 3088 2988 2960 3053 3034 2928 3288 5187 4981 2570 2466 2430 2400 2364 2352 2341 1710 1597 1600 1631 1656 1687 1711 1898 2959 3072 3804 5165 4846 3633 2397 2268 2176 2113 2044 1864 1792 1769 1745 1726 1724 1723 1728 1739 1760 1798 1901 1973 2020 2091 2166 2258 2376 2489 2633 2561 2588 3295 3519 3421 3361 3391 3552 2399 338 3070
7391508 0 0 0 0 0 0 0 0 0 0 0 0 0 0 0 0 0 0 0 0 0 0 0 0 3048 3043 3054 3073 3095 3149 3234 3213 2994 3056 3176 3313 3399 3338 3244 3115 3005 2908 2717 2590 2509 2456 2420 2385 2349 2322 2310 2320 2326 2420 2519 2578 2649 2716 2789 2806 2881 3023 3021 2928 3083 3636 4513 5250 5569 5495 2852 2583 2548 2524 2520 2520 2024 1753 1770 1798 1855 1897 2016 2530 3251 4066 5372 5030 3528 2579 2449 2379 2274 2147 2005 1955 1922 1887 1880 1870 1870 1882 1903 1979 2049 2097 2146 2226 2311 2420 2519 2669 2621 2552 3250 3485 3398 3321 3365 3544 3429 3083 2990 2970
7819551 0 0 0 0 0 0 0 0 0 0 0 0 0 0 0 0 0 0 0 0 0 0 0 0 2960 2962 2986 3009 3045 3101 3082 2785 2898 3035 3184 3228 3202 3038 2892 2774 2658 2488 2424 2363 2290 2246 2215 2191 2170 2170 2173 2193 2262 2377 2459 2524 2601 2689 2736 2794 2913 2983 2886 3032 3566 4431 5312 5623 4996 3314 2672 2592 2574 2579 2580 2491 1831 1864 1904 1961 2017 2196 2911 3494 5180 5208 3985 2848 2650 2521 2445 2314 2182 2135 2103 2070 2053 2050 2061 2082 2171 2225 2260 2317 2387 2457 2550 2671 2803 2620 3116 3394 3587 3435 3367 3455 3632 3347 2882 2969 2940 2923 2911 2920
8248624 0 0 0 0 0 0 0 0 0 0 0 0 0 0 0 0 0 0 0 0 0 0 0 0 2946 2986 3026 2986 2795 2752 2867 3005 3097 3081 2917 2759 2627 2460 2316 2240 2189 2140 2092 2056 2030 2013 2001 2000 2008 2034 2059 2214 2307 2379 2455 2550 2642 2648 2804 2920 2811 2908 3061 2970 2869 2785 2788 2779 2674 2656 2641 2650 2680 2559 2092 1962 2012 2083 2158 2319 3371 4513 5216 5169 3315 2846 2749 2658 2507 2394 2326 2279 2264 2250 2250 2253 2278 2374 2421 2461 2512 2595 2698 2798 2923 3057 3246 3448 3631 3506 3413 3493 3632 3350 3064 2953 2909 2883 2866 2860 2867 2904 2943 2840
8667488 0 0 0 0 0 0 0 0 0 0 0 0 0 0 0 0 0 0 0 0 0 0 0 0 2549 2622 2718 2822 2927 2938 2792 2610 2458 2245 2112 2026 1966 1919 1882 1853 1820 1796 1787 1783 1790 1805 1838 1874 2057 2140 2210 2298 2397 2477 2526 2660 2791 2751 2807 3008 2928 2847 2778 2739 2717 2696 2690 2695 2711 2726 2714 2332 2098 2120 2196 2281 2664 3906 5396 5430 4256 3064 2944 2825 2719 2561 2509 2475 2453 2434 2439 2454 2502 2574 2623 2680 2739 2804 2920 3027 3151 3316 3521 3698 3637 3534 3516 3646 3574 3227 2987 2932 2888 2858 2834 2830 2845 2859 2860 2540 2510 2568 2662 2760
9094662 0 0 0 0 0 0 0 0 0 0 0 0 0 0 0 0 0 0 0 0 0 0 0 0 2823 2787 2672 2496 2351 2165 1974 1871 1769 1725 1694 1666 1652 1634 1623 1612 1619 1620 1640 1661 1687 1767 1904 1984 2075 2160 2263 2376 2395 2588 2707 2633 2761 2887 2910 3009 3516 4320 3920 3025 2693 2705 2724 2766 2797 2505 2196 2171 2264 2371 2726 3930 5532 5447 4348 3226 3113 3024 2847 2750 2708 2671 2638 2628 2633 2671 2750 2775 2823 2890 2961 3041 3153 3049 3286 3643 3852 3780 3644 3655 3751 3714 3271 3055 2998 2959 2921 2884 2873 2877 2896 2657 2473 2513 2576 2659 2740 2750 2698 2500
9518615 0 0 0 0 0 0 0 0 0 0 0 0 0 0 0 0 0 0 0 0 0 0 0 0 2336 2184 1953 1799 1705 1643 1582 1525 1485 1452 1430 1430 1430 1430 1436 1448 1460 1484 1519 1657 1748 1810 1889 2010 2131 2193 2236 2425 2515 2504 2623 2768 2756 2715 2679 2654 2641 2638 2625 2654 2695 2735 2786 2586 2285 2189 2302 2430 2875 4621 5635 5388 3418 3302 3200 3106 2968 2876 2827 2810 2804 2807 2810 2921 2962 3017 3072 3143 3247 3363 3489 3639 3853 3984 3891 3800 3860 3963 3461 3216 3122 3072 3027 3005 2982 2962 2969 2806 2512 2543 2597 2658 2735 2716 2656 2489 2273 2088 1814 1680
9946693 0 0 0 0 0 0 0 0 0 0 0 0 0 0 0 0 0 0 0 0 0 0 0 0 1602 1525 1470 1415 1363 1324 1290 1279 1270 1259 1250 1260 1269 1280 1290 1297 1366 1495 1546 1605 1678 1772 1880 1983 2011 2163 2395 2405 2314 2538 2614 2624 2585 2556 2550 2550 2564 2585 2635 2690 2751 2813 2617 2391 2228 2352 2487 3176 3734 3762 3740 3472 3378 3310 3194 3055 3032 3015 3002 3009 3022 3114 3151 3223 3299 3380 3492 3484 3496 3970 4162 4084 3940 3997 4020 3589 3328 3244 3164 3106 3072 3053 3050 2877 2622 2579 2613 2680 2735 2743 2631 2442 2205 1939 1709 1577 1481 1396 1335 1280
10372776 0 0 0 0 0 0 0 0 0 0 0 0 0 0 0 0 0 0 0 0 0 0 0 0 1235 1186 1151 1132 1110 1100 1098 1090 1093 1103 1113 1124 1142 1258 1340 1378 1415 1482 1538 1614 1729 1791 1841 2032 2225 2224 2161 2409 2540 5166 5122 5119 5102 5129 3202 2524 2547 2607 2685 2759 2712 2506 2298 2277 2433 2602 5485 5593 5401 4120 3478 3396 3316 3155 3126 3115 3114 3131 3182 3282 3337 3394 3472 3587 3700 3835 4000 4193 4355 4146 4094 4155 3923 3576 3423 3342 3279 3211 3170 3144 3132 2736 2689 2712 2737 2776 2789 2743 2529 2240 1904 1663 1539 1427 1351 1275 1214 1163 1123 1090
10787014 0 0 0 0 0 0 0 0 0 0 0 0 0 0 0 0 0 0 0 0 0 0 0 0 1058 1040 1029 1014 1010 1003 1007 1010 1022 1089 1161 1203 1247 1287 1332 1387 1458 1529 1602 1654 1669 1837 2042 2061 2050 2157 2898 4951 4995 4965 4972 5006 4987 2919 2434 2465 2529 2632 2711 2614 2412 2238 2251 2452 2923 5655 5287 4452 3568 3497 3429 3311 3236 3215 3210 3240 3273 3352 3439 3508 3596 3711 3840 3981 4144 4398 4460 4270 4257 4403 3899 3657 3529 3455 3385 3341 3313 3181 2920 2790 2802 2839 2881 2893 2726 2483 2112 1745 1579 1446 1351 1249 1179 1122 1082 1046 1021 997 984 970
11206677 0 0 0 0 0 0 0 0 0 0 0 0 0 0 0 0 0 0 0 0 0 0 0 0 960 960 957 950 950 957 1010 1073 1100 1117 1147 1169 1223 1267 1319 1378 1455 1514 1491 1639 1818 1908 1853 1834 2132 3093 4807 4830 4834 4845 4878 4823 3023 2292 2364 2430 2508 2620 2618 2470 2314 2202 2286 2517 3122 4001 4071 3640 3575 3522 3421 3339 3325 3333 3352 3372 3459 3558 3667 3758 3868 4024 4209 4413 4655 4542 4377 4456 4607 3866 3755 3649 3570 3503 3444 3394 3092 2937 2933 2956 2999 3003 2898 2587 2071 1712 1550 1419 1301 1196 1128 1068 1027 1005 982 961 937 913 901 890
11630151 0 0 0 0 0 0 0 0 0 0 0 0 0 0 0 0 0 0 0 0 0 0 0 0 888 878 871 915 980 980 994 1008 1026 1050 1082 1115 1167 1225 1289 1355 1331 1338 1482 1643 1720 1684 1654 1898 2037 4232 4692 4705 4728 4784 4740 3579 2575 2237 2313 2416 2514 2638 2503 2358 2224 2236 2440 3104 3765 3767 3699 3633 3601 3488 3413 3410 3427 3456 3515 3631 3728 3828 3929 4052 4199 4408 4670 4834 4628 4611 4734 4101 3933 3842 3753 3686 3629 3548 3169 3095 3095 3106 3135 3052 2741 2138 1750 1538 1367 1241 1143 1079 1031 989 953 916 894 862 844 800 792 780 874 900
12047673 0 0 0 0 0 0 0 0 0 0 0 0 0 0 0 0 0 0 0 0 0 0 0 0 891 900 900 907 919 930 947 977 1001 1039 1081 1124 1183 1140 1168 1263 1368 1512 1556 1518 1481 1696 1857 4210 4530 4538 4573 4619 4605 4358 3290 2061 2136 2214 2338 2459 2531 2438 2303 2202 2159 2445 3074 3838 3762 3698 3663 3625 3516 3490 3512 3537 3595 3681 3816 3901 3994 4129 4282 4499 4751 5017 4824 4721 4827 4545 4084 3989 3910 3844 3784 3632 3266 3236 3244 3273 3297 3144 2644 1974 1685 1485 1325 1184 1101 1030 979 939 905 881 828 795 801 866 886 873 856 853 847 820
12474901 0 0 0 0 0 0 0 0 0 0 0 0 0 0 0 0 0 0 0 0 0 0 0 0 830 839 850 869 873 903 928 960 990 1031 1037 1014 1049 1119 1195 1308 1385 1379 1345 1313 1339 1618 2813 4150 4367 4368 4423 4490 4398 4118 3283 1904 1970 2073 2172 2300 2438 2390 2277 2177 2106 2163 2513 3815 3761 3702 3669 3660 3555 3539 3574 3611 3662 3748 3896 3988 4122 4283 4494 4735 5021 5104 4963 4979 4869 4440 4204 4107 4043 3990 3934 3661 3425 3428 3449 3460 3223 2587 1928 1643 1435 1290 1174 1078 1012 966 913 898 901 930 917 893 877 864 843 841 834 821 829 820
12893541 0 0 0 0 0 0 0 0 0 0 0 0 0 0 0 0 0 0 0 0 0 0 0 0 832 853 870 894 907 918 950 940 922 962 1017 1087 1161 1227 1206 1166 1139 1115 1259 1458 3104 4138 4150 4177 4216 4257 4173 3819 3372 1722 1756 1847 1953 2088 2240 2315 2217 2128 2057 1990 2213 3216 3677 3689 3652 3652 3591 3555 3584 3630 3699 3802 3961 4091 4218 4424 4665 4937 5187 5148 5094 5215 4976 4429 4295 4209 4146 4089 3793 3610 3613 3625 3614 3328 2350 1907 1645 1460 1300 1182 1092 1030 979 1005 1019 978 959 927 911 900 883 864 851 850 860 863 870 877 889 890
13312266 0 0 0 0 0 0 0 0 0 0 0 0 0 0 0 0 0 0 0 0 0 0 0 0 910 908 871 882 910 960 1012 1081 1127 1113 1079 1050 1035 1128 1328 1380 1371 3476 4002 4031 4063 4093 4123 4102 3888 3503 2595 1784 1664 1735 1844 1987 2139 2186 2124 2044 1978 1914 1998 2828 3603 3625 3610 3601 3573 3514 3557 3603 3682 3779 3956 4083 4237 4424 4677 4949 5257 5213 5130 5217 4947 4516 4397 4297 4230 4187 3773 3690 3692 3712 3680 3399 2511 1966 1669 1495 1345 1218 1134 1066 1041 1070 1060 1021 990 960 943 932 914 900 900 897 890 890 898 900 907 918 929 850
13735873 0 0 0 0 0 0 0 0 0 0 0 0 0 0 0 0 0 0 0 0 0 0 0 0 868 892 917 953 990 1043 1079 1081 1047 1013 990 1084 1262 1327 1322 2306 3984 3987 3980 4005 4045 4086 4027 3880 3371 2673 1577 1592 1669 1759 1883 2060 2159 2092 2011 1941 1878 1952 3479 4688 3738 3590 3590 3572 3501 3548 3608 3683 3799 3965 4100 4273 4460 4718 4977 5265 5284 5154 5156 5094 4579 4472 4379 4304 4253 4045 3758 3758 3794 3778 3538 2568 2100 1751 1520 1363 1231 1140 1088 1108 1084 1047 1015 980 956 934 915 902 890 880 880 879 870 873 887 862 814 791 807 860
14161113 0 0 0 0 0 0 0 0 0 0 0 0 0 0 0 0 0 0 0 0 0 0 0 0 880 914 943 984 1018 1022 992 966 935 953 1097 1205 1203 2592 3827 3882 3890 3896 3931 3975 3963 3879 3430 3023 2353 1456 1512 1596 1702 1839 2020 2086 2020 1937 1884 1847 1873 2662 3545 3600 3590 3602 3577 3528 3584 3653 3749 3898 4060 4212 4404 4662 4951 5207 5276 5349 5427 5131 4781 4606 4520 4467 4367 4126 3915 3900 3910 3917 3468 2467 2063 1771 1554 1394 1255 1211 1259 1184 1112 1066 1039 1007 982 958 944 927 911 900 910 910 836 791 799 820 828 854 880 902 925 950
14590749 0 0 0 0 0 0 0 0 0 0 0 0 0 0 0 0 0 0 0 0 0 0 0 0 951 961 910 873 806 808 931 1045 1070 1060 2984 3722 3708 3702 3710 3728 3748 3805 3859 3745 3527 3094 2781 2048 1377 1332 1401 1499 1610 1754 1930 1933 1875 1836 1778 1758 1758 2675 3570 3570 3579 3591 3520 3578 3636 3732 3849 4051 4193 4401 4636 4901 5243 5529 5426 5443 5584 5188 4821 4740 4648 4598 4502 4199 4053 4070 4098 3854 2818 2285 1933 1701 1503 1381 1385 1336 1259 1205 1131 1080 1049 1024 1003 984 965 953 941 838 820 820 826 840 846 867 885 896 921 930 925 860
15013241 0 0 0 0 0 0 0 0 0 0 0 0 0 0 0 0 0 0 0 0 0 0 0 0 799 736 685 692 760 867 974 990 981 2386 3505 3587 3574 3558 3555 3578 3607 3631 3673 3619 3453 3026 2715 2460 1665 1146 1191 1274 1370 1486 1641 1803 1821 1762 1721 1699 1686 1670 2723 3427 3520 3551 3548 3523 3599 3689 3802 3944 4171 4366 4617 4896 5225 5618 5583 5516 5703 5202 4990 4879 4816 4766 4657 4390 4220 4246 4263 4051 3261 2532 2165 1879 1657 1513 1546 1473 1368 1291 1227 1172 1128 1093 1059 1034 986 923 910 907 895 894 900 900 900 916 892 887 841 706 638 630
15432344 0 0 0 0 0 0 0 0 0 0 0 0 0 0 0 0 0 0 0 0 0 0 0 0 644 667 706 773 832 881 890 1013 1966 3098 3471 3416 3389 3370 3372 3380 3396 3425 3474 3470 3342 3067 2709 2432 2213 2029 1010 1023 1084 1150 1250 1388 1574 1705 1690 1656 1636 1626 1620 1620 2488 3460 3502 3569 3491 3583 3676 3797 3952 4175 4393 4630 4942 5313 5634 5686 5669 5853 5145 5059 4974 4916 4885 4805 4350 4360 4386 4367 3799 2981 2429 2108 1834 1641 1651 1560 1464 1373 1301 1240 1183 1143 1082 986 974 954 941 929 920 915 916 920 899 854 664 592 600 613 628 640
15861618 0 0 0 0 0 0 0 0 0 0 0 0 0 0 0 0 0 0 0 0 0 0 0 0 660 699 746 782 790 761 722 2093 2731 3274 3337 3299 3286 3263 3243 3254 3270 3292 3322 3377 3285 3140 2797 2505 2262 2079 1893 1527 921 946 1006 1089 1206 1384 1586 1645 1628 1607 1600 1600 1600 1811 2969 3531 3572 3574 3627 3749 3880 4070 4310 4562 4861 5218 5601 5858 5709 5794 5661 5228 5127 5071 5023 4929 4675 4525 4537 4566 4254 3075 2605 2199 1908 1766 1745 1622 1515 1407 1323 1253 1194 1093 1002 982 971 967 952 955 950 932 847 600 591 600 606 616 623 645 657 670
16285188 0 0 0 0 0 0 0 0 0 0 0 0 0 0 0 0 0 0 0 0 0 0 0 0 690 692 705 660 650 1223 2130 2479 2858 3246 3241 3188 3160 3126 3120 3120 3128 3158 3217 3266 3223 3095 2868 2580 2341 2122 1951 1820 1706 1092 836 867 931 1026 1164 1386 1578 1607 1593 1590 1590 1590 1601 1946 3075 3576 3595 3613 3722 3870 4009 4258 4496 4787 5088 5454 5913 5850 5857 5840 5666 5284 5209 5152 5109 4863 4631 4654 4682 3422 1127 1245 2236 2035 1866 1815 1679 1560 1466 1376 1301 1180 1065 1036 1003 992 981 960 935 813 590 590 590 590 595 604 610 616 636 640
16704998 0 0 0 0 0 0 0 0 0 0 0 0 0 0 0 0 0 0 0 0 0 0 0 0 657 638 657 619 602 806 1469 2130 2479 2587 3032 3161 3130 3086 3066 3060 3060 3053 3066 3225 3461 3565 3614 3601 2972 2346 2163 1999 1852 1732 1644 1575 871 770 808 928 1082 1299 1586 1581 1580 1580 1582 1591 1606 2092 3119 3607 3616 3717 3846 3994 4245 4595 4880 5207 5621 5965 5952 5959 5924 5607 5356 5306 5241 5208 4965 4770 4789 3737 1104 1261 2412 2256 2050 2016 1801 1636 1537 1446 1330 1142 1101 1068 1033 1002 823 626 610 602 608 601 600 600 603 610 617 611 618 600
17127423 0 0 0 0 0 0 0 0 0 0 0 0 0 0 0 0 0 0 0 0 0 0 0 0 550 550 696 1221 1497 1651 1937 2359 2326 2622 2954 3042 2997 2973 2942 2930 2926 2951 3154 3305 3350 3332 3231 3099 2971 2861 2605 2113 1861 1744 1649 1566 1500 1436 1218 793 694 791 1060 1415 1573 1570 1580 1587 1597 1622 1646 3256 3623 3721 3864 4006 4232 4526 4844 5190 5368 6026 6050 6059 6125 5783 5516 5452 5397 5328 5088 4900 3827 1133 1399 2344 2589 2310 2203 2224 1941 1655 1532 1338 1221 1159 1110 880 674 660 651 649 635 620 620 620 620 602 562 551 504 493 570 680
17553304 0 0 0 0 0 0 0 0 0 0 0 0 0 0 0 0 0 0 0 0 0 0 0 0 1220 1285 1388 1455 637 464 2365 2218 2515 2850 2940 2887 2856 2844 2894 3024 3115 3145 3174 3149 3057 2940 2844 2773 2719 2680 2302 1836 1722 1616 1550 1478 1414 1365 1320 1285 993 678 630 1118 1513 1538 1540 1561 1579 1607 1637 2518 3676 3807 3962 4142 4449 4772 5104 5400 5858 6207 6083 6301 5799 5639 5568 5524 5481 5311 5030 4710 1110 1255 3308 2776 2391 2299 2082 1832 1672 1530 1318 1231 977 757 725 699 676 660 655 640 635 616 529 490 490 598 640 645 1011 1137 1169 1200
17984072 0 0 0 0 0 0 0 0 0 0 0 0 0 0 0 0 0 0 0 0 0 0 0 0 1265 1328 1114 368 712 2064 2140 2197 2439 2687 2786 2747 2711 2685 2669 2660 2660 2660 2678 2797 3051 3135 3223 3234 2918 2313 2053 1871 1748 1624 1558 1479 1420 1364 1321 1282 1256 1227 1216 1199 1180 1180 932 615 613 1291 1566 1627 1656 1698 2791 3875 4028 4232 4583 4899 5244 5483 5961 6287 6300 6333 5856 5781 5729 5674 5641 5242 5196 4954 1348 4211 3238 2699 2450 2290 2039 1861 1633 1314 1019 882 836 794 767 725 625 570 565 601 651 660 660 718 1080 1094 1106 1125 1148 1170
18401535 0 0 0 0 0 0 0 0 0 0 0 0 0 0 0 0 0 0 0 0 0 0 0 0 1211 1277 1409 1663 1531 523 1020 1991 2100 2352 2646 2678 2588 2552 2526 2514 2497 2483 2471 2498 2503 2544 2611 2616 2556 2486 2302 2091 1893 1738 1626 1532 1455 1390 1341 1313 1259 1221 1194 1167 1144 1140 1130 1141 1153 1153 1018 818 691 635 807 1257 2614 4002 4197 4501 4872 5223 5619 5982 6414 6372 6474 5967 5920 5840 5802 5774 5321 5351 5377 5169 3858 3115 2680 2420 2184 1998 1674 1273 980 943 904 783 658 622 662 711 739 728 757 1017 1120 1120 1120 1125 1136 1147 1166 1210
18826796 0 0 0 0 0 0 0 0 0 0 0 0 0 0 0 0 0 0 0 0 0 0 0 0 1313 1387 1462 1690 1967 2016 2018 1874 2010 2265 2520 2540 2474 2450 2417 2381 2365 2337 2332 2343 2356 2380 2412 2456 2459 2395 2338 2142 1918 1775 1640 1539 1457 1388 1335 1265 1237 1206 1158 1132 1114 1110 1110 1100 1090 1108 1110 1135 1132 1005 888 791 720 670 675 3472 4684 5057 5449 5818 6490 6432 6598 6347 6098 6006 5941 5931 5724 5476 5509 5458 4501 3411 2895 2618 2380 2155 1693 1093 1030 900 731 723 788 821 823 800 871 1078 1157 1151 1130 1130 1130 1131 1151 1178 1285 1410
19256290 0 0 0 0 0 0 0 0 0 0 0 0 0 0 0 0 0 0 0 0 0 0 0 0 1569 1669 1769 1429 419 1184 1756 1885 2103 2323 2446 2374 2295 2260 2218 2188 2177 2167 2160 2163 2182 2212 2248 2295 2266 2197 2181 2004 1817 1680 1578 1482 1403 1344 1299 1263 1210 1177 1151 1139 1126 1110 1106 1103 1110 1115 1126 1137 1173 1216 1179 1063 991 934 872 820 796 2431 5651 6049 6464 6595 6717 6657 6203 6140 6082 6049 5737 5643 5678 4978 3908 3111 2866 2576 2255 1266 1070 881 881 916 920 914 914 982 1077 1201 1203 1180 1168 1153 1140 1146 1150 1184 1449 1424 1500 1600
19677793 0 0 0 0 0 0 0 0 0 0 0 0 0 0 0 0 0 0 0 0 0 0 0 0 2220 2109 1997 1867 1704 1666 1741 1909 2115 2312 2228 2174 2117 2095 2044 2020 2008 1990 1980 1990 1997 2035 2080 2119 2138 2082 2020 1990 1811 1669 1565 1469 1409 1333 1277 1232 1196 1157 1123 1110 1097 1097 1083 1087 1098 1090 1109 1137 1173 1193 1232 1262 1263 1171 1104 1047 993 954 922 1322 6682 6804 6840 6649 6434 6309 6264 6239 6085 5871 5807 5412 4225 3339 2934 2669 2005 1258 963 982 990 994 977 1027 1112 1219 1279 1258 1234 1207 1178 1170 1160 1191 1340 1366 1430 1475 1583 1700
20103658 0 0 0 0 0 0 0 0 0 0 0 0 0 0 0 0 0 0 0 0 0 0 0 0 2268 2029 1790 1590 1586 1627 1755 1922 2132 2145 2056 1979 1952 1907 1868 1855 1837 1820 1816 1827 1830 1863 1904 1941 1961 1935 1885 1860 1788 1645 1530 1448 1355 1308 1246 1205 1157 1135 1111 1094 1076 1070 1070 1077 1080 1087 1097 1114 1137 1173 1220 1276 1314 1318 1246 1167 1120 1073 1033 1002 3001 6942 6931 6688 6472 6406 6373 6262 6007 5935 5917 4973 3800 3190 2871 2199 1276 1048 1070 1061 1050 1095 1162 1276 1333 1303 1269 1238 1215 1191 1166 1280 1336 1362 1394 1414 1420 1457 1568 1680
20526004 0 0 0 0 0 0 0 0 0 0 0 0 0 0 0 0 0 0 0 0 0 0 0 0 1610 1561 1512 1491 1595 1713 1874 2033 1978 1893 1832 1786 1761 1717 1697 1687 1675 1662 1672 1680 1683 1708 1742 1783 1839 1804 1749 1730 1705 1609 1508 1426 1362 1294 1242 1204 1165 1131 1109 1097 1090 1084 1072 1080 1094 1116 1104 1124 1165 1196 1253 1300 1351 1395 1416 1369 1294 1220 1176 1122 1094 1769 7066 6833 6616 6530 6488 6389 6098 6069 6055 4840 3708 3250 2150 1247 1153 1179 1123 1140 1202 1282 1375 1397 1351 1306 1265 1238 1208 1200 1330 1339 1370 1359 1380 1404 1435 1455 1554 1680
20956317 0 0 0 0 0 0 0 0 0 0 0 0 0 0 0 0 0 0 0 0 0 0 0 0 1438 1447 1381 1461 1546 1665 1817 1893 1821 1744 1693 1661 1631 1597 1590 1569 1551 1550 1541 1570 1570 1604 1634 1664 1698 1702 1672 1640 1642 1570 1452 1376 1316 1259 1216 1183 1161 1125 1089 1081 1088 1080 1077 1074 1083 1094 1123 1138 1160 1197 1256 1294 1366 1444 1516 1467 1389 1339 1286 1241 1205 3987 7261 6799 6651 6613 6587 6180 6191 5832 4736 3762 3270 1499 1274 1293 1262 1267 1345 1425 1504 1494 1434 1378 1323 1286 1280 1403 1491 1430 1403 1400 1371 1409 1394 1456 1490 1420 1380 1350
21372224 0 0 0 0 0 0 0 0 0 0 0 0 0 0 0 0 0 0 0 0 0 0 0 0 1395 1448 1515 1597 1706 1799 1726 1631 1578 1546 1488 1453 1413 1395 1383 1372 1378 1397 1380 1392 1417 1454 1478 1527 1540 1517 1493 1475 1486 1396 1329 1255 1196 1157 1112 1082 1064 1053 1042 1026 1020 1020 1028 1030 1040 1052 1066 1099 1132 1166 1214 1278 1348 1435 1538 1573 1499 1444 1393 1342 1315 4586 6908 6806 6767 6715 6421 6323 6339 5223 3964 3364 2087 1412 1453 1395 1429 1505 1595 1633 1576 1504 1447 1400 1390 1504 1630 1608 1532 1482 1477 1473 1488 1509 1501 1416 1344 1373 1429 1470
21806082 0 0 0 0 0 0 0 0 0 0 0 0 0 0 0 0 0 0 0 0 0 0 0 0 1535 1607 1702 1723 1653 1561 1500 1438 1389 1358 1313 1300 1298 1286 1270 1270 1270 1271 1282 1304 1346 1386 1429 1398 1376 1354 1344 1361 1305 1221 1163 1109 1082 1060 1040 1010 1010 999 980 978 960 975 990 994 1012 1027 1054 1083 1123 1175 1225 1304 1373 1471 1589 1647 1593 1540 1494 1463 1435 5145 6992 6896 6801 6569 6437 6456 5566 4310 3739 2219 1581 1596 1521 1603 1688 1770 1730 1648 1576 1520 1538 1606 1637 1664 1687 1634 1564 1531 1527 1504 1497 1416 1364 1394 1429 1469 1520 1590
22222192 0 0 0 0 0 0 0 0 0 0 0 0 0 0 0 0 0 0 0 0 0 0 0 0 1675 1688 1586 1499 1424 1391 1311 1244 1197 1168 1152 1127 1120 1120 1114 1116 1120 1129 1160 1184 1205 1243 1269 1247 1229 1218 1210 1223 1164 1108 1058 1037 993 986 975 960 950 956 941 950 960 962 974 980 993 1017 1049 1090 1125 1179 1278 1379 1507 1640 1704 1674 1636 1603 1576 1553 3906 7028 6929 6637 6574 6533 5148 4036 3466 1865 1700 1694 1714 1812 1898 1851 1748 1675 1617 1662 1799 1947 1885 1802 1713 1583 1556 1546 1527 1446 1396 1424 1460 1492 1538 1586 1654 1680 1564 1460
22653049 0 0 0 0 0 0 0 0 0 0 0 0 0 0 0 0 0 0 0 0 0 0 0 0 1374 1334 1279 1220 1150 1114 1090 1058 1044 1030 1021 1010 1015 1032 1045 1055 1060 1071 1095 1135 1100 1096 1077 1073 1084 1090 1050 1014 983 970 938 928 917 907 896 890 890 890 905 919 920 933 951 968 994 1017 1052 1096 1165 1251 1351 1463 1610 1765 1724 1692 1665 1630 1620 5188 7101 6762 6666 6621 5901 4474 3833 2533 1847 1840 1809 1906 2013 2017 1912 1813 1737 1792 1881 1969 1991 1749 1680 1713 1722 1666 1526 1493 1514 1539 1567 1601 1640 1701 1695 1573 1423 1297 1226 1150
23075793 0 0 0 0 0 0 0 0 0 0 0 0 0 0 0 0 0 0 0 0 0 0 0 0 1118 1120 1113 1079 1044 1008 981 958 950 970 997 1000 1012 1025 1045 1066 1048 1033 1013 1002 1000 1009 987 964 939 910 891 868 846 827 816 810 799 790 794 812 834 840 857 884 899 941 959 991 1031 1082 1163 1261 1385 1550 1735 1753 1712 1688 1663 1642 4113 6949 6725 6720 6464 5183 4233 3812 2472 1914 1917 1907 2014 2163 2102 1988 1898 1852 1967 2107 2084 1971 1908 1875 1877 1853 1699 1620 1627 1648 1664 1693 1753 1828 1743 1584 1401 1290 1212 1150 1103 1062 1023 1010
23497361 0 0 0 0 0 0 0 0 0 0 0 0 0 0 0 0 0 0 0 0 0 0 0 0 1017 998 985 970 959 956 960 969 991 1009 984 974 953 943 919 927 910 928 864 818 774 736 720 679 670 660 658 646 640 640 643 650 655 676 670 682 705 734 781 830 866 908 963 1026 1115 1268 1417 1646 1709 1677 1655 1638 2202 5012 6827 6728 6671 5447 4497 3945 3219 2235 2004 1932 2046 2173 2198 2112 2020 1937 2009 2129 2231 2111 1997 1926 1915 1837 1711 1719 1744 1781 1831 1883 1962 1856 1666 1465 1358 1275 1198 1152 1112 1072 1082 1066 1033 1019 1010 1010
23926409 0 0 0 0 0 0 0 0 0 0 0 0 0 0 0 0 0 0 0 0 0 0 0 0 1010 1010 1022 1026 1008 979 961 901 926 901 852 786 731 704 676 654 626 620 600 593 580 580 565 560 550 580 580 582 590 585 589 610 636 660 684 735 796 861 927 1008 1111 1254 1505 1625 1594 1564 1552 1541 1774 5756 6678 6412 5183 4339 3893 3544 2631 1956 1964 1945 2074 2209 2177 2091 1995 1996 2135 2322 2207 2045 1997 1994 2004 1895 1816 1851 1881 1926 2000 2089 2076 1924 1701 1547 1518 1427 1329 1273 1233 1229 1206 1184 1170 1140 1140 1140 1143 1162 1123 1080
24345997 0 0 0 0 0 0 0 0 0 0 0 0 0 0 0 0 0 0 0 0 0 0 0 0 1052 1014 1000 969 873 780 718 652 630 618 591 570 570 570 530 535 556 537 538 530 530 534 540 545 550 569 572 588 612 636 659 695 743 813 916 1000 1092 1260 1427 1456 1419 1410 1400 1394 1392 1402 1412 1446 1480 1863 3009 3355 2506 1947 1838 1848 1902 2077 2136 2078 1996 1928 1964 2048 2098 2044 1997 2040 2060 1982 1921 1901 1943 2005 2073 2156 2237 2112 1918 1712 1673 1790 1796 1594 1398 1389 1366 1347 1340 1329 1314 1331 1296 1235 1185 1133 1107 1028 924 840
24767004 0 0 0 0 0 0 0 0 0 0 0 0 0 0 0 0 0 0 0 0 0 0 0 0 773 711 673 644 614 593 569 566 547 525 546 530 523 513 520 524 535 518 545 561 580 582 590 599 626 656 676 730 782 875 963 1066 1247 1340 1339 1322 1302 1291 1290 1290 1299 1310 1323 1356 1382 1431 1487 1551 1622 1708 1765 1772 1885 2089 2072 1996 1937 1889 1958 2046 2035 1993 1981 1989 2020 2002 1932 1910 1956 2028 2119 2204 2277 2188 1984 1805 1800 1892 1849 1630 1540 1522 1494 1475 1464 1455 1461 1473 1404 1342 1283 1237 1154 1019 923 855 778 717 676 650
25187731 0 0 0 0 0 0 0 0 0 0 0 0 0 0 0 0 0 0 0 0 0 0 0 0 642 602 562 583 570 563 543 519 510 516 520 537 540 551 561 570 572 590 592 616 654 691 748 815 887 961 1067 1202 1221 1188 1144 1129 1120 1117 1110 1114 1120 1140 1170 1201 1235 1291 1346 1406 1479 1578 1643 1611 1751 1906 1921 1871 1821 1777 1834 1893 1917 1875 1934 1981 2018 2038 1975 1893 1931 2002 2090 2191 2317 2270 2133 1950 1831 1795 1757 1715 1642 1627 1616 1610 1601 1600 1602 1610 1558 1495 1433 1382 1236 1093 994 930 864 803 752 718 687 662 650 620
25616475 0 0 0 0 0 0 0 0 0 0 0 0 0 0 0 0 0 0 0 0 0 0 0 0 628 615 598 572 589 540 551 596 610 619 640 650 666 670 721 739 778 837 880 944 1011 1092 1089 1066 1042 1024 1011 991 989 982 986 985 996 1017 1033 1046 1068 1104 1143 1194 1257 1348 1432 1480 1471 1595 1768 1785 1737 1700 1685 1677 1767 1807 1835 1898 1976 2076 2203 2201 1889 1878 1949 2041 2144 2279 2376 2225 2115 1969 1882 1823 1771 1726 1701 1735 1700 1710 1710 1718 1729 1704 1644 1596 1546 1384 1212 1147 1059 980 929 887 851 813 787 751 716 700 700 680
26036019 0 0 0 0 0 0 0 0 0 0 0 0 0 0 0 0 0 0 0 0 0 0 0 0 670 670 678 676 700 700 702 741 753 787 816 850 896 923 964 999 1045 1066 1043 1014 989 974 964 952 941 923 987 3129 3660 3630 3474 3213 1909 1284 1133 1088 1080 1110 1154 1222 1308 1355 1313 1472 1624 1674 1643 1616 1594 1580 1586 1724 1747 1798 1923 2012 2092 2024 1941 1879 1871 1971 2081 2215 2363 2316 2214 2104 2017 1947 1890 1848 1819 1814 1832 1825 1836 1847 1874 1848 1778 1722 1671 1523 1333 1234 1150 1056 996 961 928 908 878 870 839 813 795 782 780 790
26463042 0 0 0 0 0 0 0 0 0 0 0 0 0 0 0 0 0 0 0 0 0 0 0 0 771 776 774 784 795 812 827 878 905 941 969 996 1000 982 953 921 897 881 861 831 808 786 766 2773 5458 5166 4997 4829 4724 4526 3891 3343 2945 2626 2384 1921 1512 1354 1183 1163 1188 1173 1291 1507 1557 1550 1527 1504 1500 1509 1675 1846 1969 2047 2072 2035 1982 1917 1907 1985 2087 2225 2408 2452 2347 2234 2144 2093 2059 2001 1951 1969 1990 1995 2014 2036 2056 2006 1919 1889 1826 1591 1420 1275 1191 1114 1048 1011 978 955 939 915 892 890 1071 1046 889 853 841 870
26880029 0 0 0 0 0 0 0 0 0 0 0 0 0 0 0 0 0 0 0 0 0 0 0 0 880 881 890 894 918 946 954 955 931 873 818 772 735 698 671 667 650 646 629 4029 6044 5803 5510 5210 5001 4824 4595 4273 3739 3205 2849 2528 2307 2108 1792 1344 1276 1154 1020 1060 1072 1093 1237 1432 1455 1438 1424 1420 1425 1435 1548 1733 1901 2068 2233 2341 2368 2174 1960 1971 2098 2233 2412 2537 2456 2372 2274 2202 2161 2140 2128 2126 2160 2166 2189 2218 2217 2165 2108 2097 1889 1666 1514 1368 1276 1200 1130 1078 1054 1023 990 998 1129 1178 1050 953 924 910 926 930
27301189 0 0 0 0 0 0 0 0 0 0 0 0 0 0 0 0 0 0 0 0 0 0 0 0 932 951 962 967 962 983 925 825 734 686 648 614 601 579 571 1364 6179 6111 6017 5905 5707 5506 5311 5147 5082 5035 4874 4287 3560 3056 2681 2394 2295 2091 1654 1282 1154 1104 1018 906 942 972 980 1061 1263 1357 1350 1350 1350 1359 1370 1389 1581 1810 2059 1222 109 972 2028 1950 1985 2141 2321 2533 2631 2521 2452 2382 2310 2286 2277 2274 2278 2290 2328 2372 2392 2364 2284 2260 2308 1903 1659 1495 1385 1303 1228 1174 1129 1105 1143 1314 1335 1241 1064 998 978 970 970 980
27720370 0 0 0 0 0 0 0 0 0 0 0 0 0 0 0 0 0 0 0 0 0 0 0 0 982 996 999 978 852 732 661 608 559 518 516 2653 5309 5749 6272 6366 6191 6035 5902 5751 5570 5365 5166 5024 4921 4836 4677 4176 3509 2988 2603 2336 2244 2087 1785 1520 1102 1056 1013 989 874 780 818 900 902 910 1177 1281 1289 1290 1300 1315 1337 1375 1525 1676 2103 2612 2679 2655 2203 2060 2143 2328 2565 2707 2625 2553 2486 2445 2425 2432 2423 2440 2455 2482 2517 2506 2446 2404 2443 2243 1825 1600 1474 1367 1302 1241 1189 1267 1452 1409 1381 1354 1328 1279 1139 1006 991 1000
28144840 0 0 0 0 0 0 0 0 0 0 0 0 0 0 0 0 0 0 0 0 0 0 0 0 996 836 676 524 460 480 490 2390 3772 4159 4614 4966 5383 5846 6263 6248 6094 5985 5873 5786 5713 5675 5573 5301 5215 5274 4902 3869 3227 2784 2538 2372 2181 2008 1801 1560 1404 1079 983 964 942 913 900 867 711 685 807 876 880 1135 1277 1296 1320 1353 1386 1464 1652 1308 387 10 10 2080 2169 2359 2613 2840 2794 2735 2659 2643 2670 2689 2603 2626 2657 2701 2727 2655 2571 2618 2644 2226 1703 1563 1471 1389 1324 1410 1548 1520 1476 1427 1370 1209 1189 736 475 440 440 850
28570292 0 0 0 0 0 0 0 0 0 0 0 0 0 0 0 0 0 0 0 0 0 0 0 0 1341 1356 1386 1420 1466 2136 3154 3806 4025 4410 4746 5123 5534 6024 6124 6007 5859 5747 5631 5546 5484 5421 5219 5024 5043 5087 4533 3627 3079 2620 2375 2266 2096 1917 1778 1611 1429 1346 1292 1137 937 881 879 867 847 832 815 810 770 679 651 679 887 988 1348 1392 1445 1514 1589 712 280 1639 2331 2341 2561 2861 3039 2965 2900 2818 2816 2829 2826 2814 2845 2887 2930 2850 2775 2805 2524 2064 1805 1649 1548 1501 1602 1639 1040 599 530 551 591 716 903 1265 1340 1350 1359 1360
28996887 0 0 0 0 0 0 0 0 0 0 0 0 0 0 0 0 0 0 0 0 0 0 0 0 1380 1402 1429 1601 3445 3515 3677 3872 4135 4489 4818 5196 5646 5868 5893 5755 5644 5536 5441 5365 5298 5282 5251 4897 4828 4873 4499 3646 3017 2603 2291 2139 2051 1862 1740 1610 1519 1307 1247 1204 1164 1116 1084 941 780 774 774 775 770 776 788 790 803 773 724 676 704 1313 1547 1678 1821 927 134 2496 2545 2880 3152 3139 3080 3000 3009 3040 3036 3021 3042 3070 3102 3009 2987 3030 2771 2028 1700 1394 1400 709 621 621 666 767 879 988 1155 1347 1414 1405 1403 1400 1409 1410
29416769 0 0 0 0 0 0 0 0 0 0 0 0 0 0 0 0 0 0 0 0 0 0 0 0 1420 1438 3384 3427 3433 3573 3744 3946 4242 4536 4896 5274 5705 5818 5668 5534 5432 5323 5224 5161 5117 5083 4755 4633 4630 4673 4202 3367 2795 2421 2114 1919 1900 1768 1637 1551 1474 1400 1304 1179 1105 1079 1063 1052 1041 1030 1022 936 738 720 725 752 777 792 815 853 872 876 812 780 871 1512 2106 2590 2649 2883 3322 3340 3282 3203 3178 3195 3194 3211 3267 3297 3273 3184 3195 3020 2385 1838 1378 853 821 871 927 985 1050 1191 1339 1512 1511 1485 1458 1445 1435 1430 1653 2450
29833209 0 0 0 0 0 0 0 0 0 0 0 0 0 0 0 0 0 0 0 0 0 0 0 0 3338 3392 3359 3420 3548 3702 3930 4186 4460 4774 5123 5553 5628 5528 5387 5267 5174 5088 5011 4930 4918 4780 4490 4497 4464 4311 3650 3009 2562 2149 1897 1763 1739 1648 1560 1480 1397 1342 1287 1246 1158 1074 1037 1023 1013 1010 1010 1010 1010 1010 995 868 757 755 782 799 851 887 923 950 950 934 921 1262 2800 2800 3252 3543 3476 3390 3370 3370 3370 3400 3449 3486 3475 3376 3384 3082 2418 1564 978 991 1024 1069 1133 1221 1347 1504 1609 1601 1567 1543 1521 1509 1491 1490 3169 3330
30253611 0 0 0 0 0 0 0 0 0 0 0 0 0 0 0 0 0 0 0 0 0 0 0 0 3350 3386 3363 3409 3498 3628 3821 4066 4291 4572 4890 5274 5627 5474 5360 5223 5078 4987 4903 4830 4787 4737 4613 4231 4270 4288 4141 3486 2857 2431 2142 1886 1690 1582 1604 1537 1442 1363 1305 1253 1208 1165 1143 1123 1063 980 977 970 970 970 970 974 984 995 1006 1002 932 874 790 790 867 910 944 985 1020 1012 1148 1470 3213 3706 3635 3580 3541 3536 3536 3580 3636 3688 3623 3545 3571 3070 1859 1105 1124 1180 1245 1341 1461 1577 1696 1726 1685 1650 1624 1601 1579 1813 2947 3370
30675885 0 0 0 0 0 0 0 0 0 0 0 0 0 0 0 0 0 0 0 0 0 0 0 0 3382 3405 3436 3392 3425 3524 3675 3856 4071 4284 4562 4874 5215 5487 5401 5218 5088 4972 4853 4756 4686 4630 4575 4450 4065 4060 4093 4101 3509 2841 2409 2083 1814 1626 1493 1396 1426 1373 1304 1241 1179 1139 1113 1083 1060 1045 1036 1026 1008 964 940 948 950 952 967 980 993 1016 1027 1030 994 948 910 891 933 990 1062 1112 1110 1090 3469 3826 3760 3710 3728 3734 3751 3794 3857 3785 3711 3635 2680 1306 1268 1325 1411 1526 1602 1719 1853 1868 1798 1741 1699 1662 1654 2096 3784 3410
31097202 0 0 0 0 0 0 0 0 0 0 0 0 0 0 0 0 0 0 0 0 0 0 0 0 3408 3420 3435 3364 3401 3481 3590 3742 3936 4117 4320 4582 4855 5157 5356 5281 5114 4951 4799 4656 4554 4488 4423 4379 4093 3900 3893 3926 3907 3274 2712 2285 1964 1730 1564 1427 1310 1250 1269 1257 1208 1148 1114 1083 1060 1037 1030 1020 1018 1006 995 996 1000 1000 931 943 958 970 980 1003 1040 1067 1098 1116 1080 1046 1005 1002 1073 1207 1275 1275 2669 3962 3902 3900 3910 2669 1931 3584 4131 4011 3988 2507 1441 1483 1546 1620 1712 1823 1953 2023 1939 1874 1815 1747 1711 2236 4524 3490
31524301 0 0 0 0 0 0 0 0 0 0 0 0 0 0 0 0 0 0 0 0 0 0 0 0 3448 3440 3442 3420 3357 3403 3480 3577 3738 3889 4037 4204 4420 4632 4898 5169 5217 5061 4892 4725 4577 4464 4349 4271 4211 4174 4091 3693 3710 3715 3748 3559 2890 2416 2055 1789 1592 1444 1318 1218 1143 1084 1096 1126 1083 1052 1034 1008 1000 989 977 970 962 960 960 969 970 972 993 1000 993 958 967 990 1020 1045 1092 1150 1202 1211 1168 1129 1105 1177 1354 1459 2323 4470 4467 4456 4473 1896 1074 3055 4404 3158 1766 1643 1697 1785 1887 2003 2146 2182 2104 2016 1939 1876 1851 2150
31953293 0 0 0 0 0 0 0 0 0 0 0 0 0 0 0 0 0 0 0 0 0 0 0 0 5308 4271 3665 3525 3492 3490 3380 3406 3468 3542 3630 3775 3888 4000 4120 4248 4434 4675 4979 5122 4953 4758 4573 4423 4310 4198 4126 4073 4037 3816 3594 3509 3548 3580 3403 2842 2354 2005 1749 1565 1418 1298 1195 1133 1082 1029 996 990 1029 1026 1008 996 979 970 960 959 950 950 954 965 978 990 992 1004 1029 1055 1052 1025 1049 1095 1170 1261 1357 1367 1325 1291 1283 1450 1630 1640 4388 4640 4643 3066 1086 2643 4335 4266 2569 1809 1868 1956 2073 2155 2273 2327 2210 2114 2024 1940
32368485 0 0 0 0 0 0 0 0 0 0 0 0 0 0 0 0 0 0 0 0 0 0 0 0 2068 2919 5181 4475 3652 3528 3508 3428 3384 3406 3447 3510 3600 3753 3847 3934 4035 4152 4321 4555 4833 5043 4814 4591 4416 4259 4131 4041 3969 3922 3874 3738 3357 3360 3374 3372 3365 3179 2691 2121 1811 1602 1462 1330 1219 1151 1092 1041 1013 979 953 929 926 967 982 969 957 950 953 960 960 963 980 985 1001 1023 1042 1070 1095 1126 1132 1122 1170 1267 1394 1491 1492 1453 1413 1522 1781 1935 4806 4800 4804 3619 1639 3690 4845 3688 2240 1969 2053 2133 2218 2325 2424 2363 2222 2120
32794123 0 0 0 0 0 0 0 0 0 0 0 0 0 0 0 0 0 0 0 0 0 0 0 0 2046 2117 2398 4759 5259 3615 3572 3548 3472 3380 3387 3426 3461 3517 3602 3710 3781 3872 3992 4116 4303 4528 4628 4620 4409 4186 4199 4137 4054 3961 3877 3819 3772 3684 3330 3238 3230 3242 3256 3146 2788 2120 1785 1587 1435 1307 1204 1129 1073 1033 997 971 946 915 895 882 887 852 948 940 940 940 940 950 953 964 974 991 1013 1032 1061 1094 1150 1216 1220 1192 1297 1410 1551 1613 1585 1550 1608 1872 3496 4977 4935 4956 4960 4969 4876 4176 2306 2078 2142 2225 2325 2430 2504 2420
33217403 0 0 0 0 0 0 0 0 0 0 0 0 0 0 0 0 0 0 0 0 0 0 0 0 2267 2152 2107 2256 3576 5269 4406 3629 3571 3513 3428 3370 3378 3398 3431 3466 3566 3658 3741 3848 3971 4010 3914 3760 3622 3540 3507 3483 3512 3532 3570 3598 3620 3628 3623 3282 3094 3073 3099 3120 3129 2823 2464 1990 1710 1554 1404 1297 1203 1139 1087 1045 1014 990 966 951 939 918 909 900 897 915 984 1000 1000 1005 1015 1026 1052 1085 1110 1146 1196 1259 1332 1378 1364 1459 1609 1778 1738 1710 1695 1783 1231 996 1999 4665 5081 5131 5179 3122 2191 2211 2296 2380 2441 2537 2474 2330
33644120 0 0 0 0 0 0 0 0 0 0 0 0 0 0 0 0 0 0 0 0 0 0 0 0 2180 2082 2210 1965 487 3353 4040 3534 3465 3409 3314 3280 3280 3288 3310 3329 3376 3508 3579 3661 3700 3623 3487 3371 3301 3280 3290 3300 3349 3432 3498 3591 3606 3571 3517 3459 3331 2970 2998 2998 2999 3026 2993 2873 2515 2154 1791 1640 1522 1424 1334 1257 1186 1153 1094 1074 1055 1034 1016 1005 995 990 983 980 980 1007 1121 1140 1151 1175 1195 1245 1286 1340 1415 1496 1548 1580 1635 1775 1916 1957 1900 1714 1200 1044 1379 5127 5103 5153 5247 5120 2499 2273 2324 2400 2447 2513 2588 2460
34066190 0 0 0 0 0 0 0 0 0 0 0 0 0 0 0 0 0 0 0 0 0 0 0 0 2284 2130 2098 2267 2479 5216 5356 3814 3457 3391 3349 3202 3143 3130 3130 3144 3165 3188 3292 3381 3451 3548 3665 3790 3890 3910 3888 3880 3862 3734 3843 3774 3653 3560 3468 3396 3354 3325 3306 3074 2829 2875 2874 2871 2920 2914 2782 2496 2197 1881 1697 1595 1501 1417 1358 1307 1251 1209 1159 1125 1110 1089 1077 1066 1060 1060 1064 1070 1082 1197 1266 1293 1331 1381 1439 1497 1567 1633 1707 1741 1836 2032 2139 2102 1088 1090 1947 4943 5329 5274 5320 5365 4637 2436 2413 2442 2497 2562 2638 2630
34485615 0 0 0 0 0 0 0 0 0 0 0 0 0 0 0 0 0 0 0 0 0 0 0 0 2410 2205 2112 2235 2418 4515 5566 4909 3907 3401 3328 3261 3142 3064 3051 3050 3050 3052 3083 3168 3252 3316 3381 3479 3592 3732 3830 3825 3819 3840 3779 3700 3700 3586 3476 3376 3312 3256 3201 3167 3146 3109 2715 2705 2797 2770 2806 2831 2772 2615 2376 2161 1898 1713 1621 1543 1473 1416 1354 1302 1261 1242 1224 1199 1182 1180 1172 1179 1180 1194 1216 1234 1346 1433 1479 1529 1587 1638 1732 1822 1915 1925 2026 1869 1113 1212 2660 3906 5151 5497 5440 5478 5466 4198 2505 2519 2572 2632 2694 2750
34909661 0 0 0 0 0 0 0 0 0 0 0 0 0 0 0 0 0 0 0 0 0 0 0 0 2548 2342 2159 2257 2414 3008 5729 5431 4131 3375 3285 3217 3093 2987 2965 2944 2922 2920 2931 2985 3050 3094 3157 3241 3330 3428 3559 3709 3886 4056 4055 3871 3708 3562 3426 3323 3232 3147 3104 3062 3038 3010 3010 2871 2590 2555 2709 2657 2705 2755 2721 2638 2418 2238 2082 1881 1702 1622 1555 1501 1459 1417 1377 1349 1327 1312 1300 1300 1300 1300 1306 1328 1351 1378 1435 1600 1642 1698 1787 1857 1979 2093 2140 2271 1713 1098 1407 2460 3361 4677 5442 5570 5550 5606 3322 2643 2659 2696 2723 2770
35326034 0 0 0 0 0 0 0 0 0 0 0 0 0 0 0 0 0 0 0 0 0 0 0 0 2773 2495 2257 2215 2333 2466 3917 5245 5435 4213 3298 3188 3095 2972 2861 2814 2797 2785 2773 2770 2775 2872 2907 2954 3005 3077 3156 3259 3373 3516 3679 3894 3930 3744 3578 3433 3312 3210 3111 3049 2999 2965 2924 2886 2880 2880 2860 2546 2447 2561 2592 2617 2710 2733 2692 2563 2387 2243 2104 1875 1757 1698 1646 1605 1566 1531 1509 1487 1466 1452 1450 1457 1460 1493 1525 1557 1579 1692 1822 1880 1952 2071 2212 2376 1802 1183 1174 1427 2647 2857 4271 5636 5831 5754 5720 3891 2813 2747 2775 2790
35750721 0 0 0 0 0 0 0 0 0 0 0 0 0 0 0 0 0 0 0 0 0 0 0 0 2825 2771 2455 2247 2276 2403 2535 4004 5814 5312 4331 3368 3171 3065 2974 2798 2755 2723 2683 2660 2640 2626 2680 2732 2747 2788 2819 2903 2986 3055 3168 3304 3468 3660 3737 3607 3412 3286 3158 3062 2992 2914 2841 2800 2768 2753 2740 2745 2757 2770 2610 2358 2411 2465 2521 2612 2704 2704 2652 2518 2385 2244 2150 2005 1852 1779 1730 1705 1674 1649 1637 1625 1620 1627 1630 1641 1656 1679 1703 1737 1862 2000 2091 2190 2092 1556 1167 1724 2579 2839 2800 2997 4234 5453 6002 5889 5624 3793 2958 2820
36174725 0 0 0 0 0 0 0 0 0 0 0 0 0 0 0 0 0 0 0 0 0 0 0 0 2840 2850 2885 2749 2353 2269 2364 2450 2816 4299 5745 5266 3815 3215 3098 3009 2933 2771 2644 2569 2525 2490 2470 2466 2471 2521 2548 2574 2619 2675 2724 2786 2884 2990 3115 3271 3444 3578 3432 3283 3146 3035 2948 2856 2797 2755 2730 2712 2691 2681 2690 2701 2719 2729 2577 2371 2410 2481 2566 2692 2756 2750 2705 2566 2446 2345 2222 2070 1973 1920 1875 1850 1827 1797 1782 1788 1790 1803 1842 1866 1908 1958 2175 2224 1853 1184 1089 2554 2724 2919 2990 2906 3103 3240 5346 5969 6036 5502 3263 2850
36602436 0 0 0 0 0 0 0 0 0 0 0 0 0 0 0 0 0 0 0 0 0 0 0 0 2849 2856 2848 2847 2451 2193 2238 2318 2650 3272 4164 5739 5018 3428 2996 2882 2776 2685 2521 2449 2360 2299 2269 2244 2230 2220 2281 2323 2350 2385 2419 2467 2527 2626 2734 2825 2979 3144 3352 3423 3322 3178 3064 2971 2874 2809 2765 2740 2718 2710 2710 2710 2725 2759 2793 2779 2578 2479 2561 2680 2793 2879 2908 2901 2759 2628 2525 2413 2286 2194 2150 2105 2065 2042 2033 2030 2039 2043 2072 2112 2152 2208 2256 1054 1032 1523 2721 2853 3007 3115 3050 3184 3606 4344 5640 6012 5964 3887 2855 2830
37018712 0 0 0 0 0 0 0 0 0 0 0 0 0 0 0 0 0 0 0 0 0 0 0 0 2829 2821 2784 2454 2115 2166 2227 2313 3058 3602 5130 5574 4619 3502 2839 2725 2615 2521 2268 2213 2157 2104 2054 2033 2014 2000 2015 2092 2121 2143 2182 2227 2282 2368 2442 2524 2665 2786 2971 3156 3296 3255 3118 3024 2940 2854 2801 2764 2733 2710 2707 2704 2719 2735 2761 2806 2852 2924 2688 2556 2658 2777 2937 3065 3050 3013 2883 2759 2676 2559 2422 2368 2319 2280 2261 2251 2240 2260 2271 2294 2223 1713 1030 1159 1446 2357 3008 3040 3207 3232 3173 3383 4391 5312 5906 5356 3498 2908 2876 2850
37449155 0 0 0 0 0 0 0 0 0 0 0 0 0 0 0 0 0 0 0 0 0 0 0 0 2820 2613 2189 2096 2125 2170 2270 3049 3476 4809 5478 4044 2806 2581 2473 2351 2172 2050 1996 1931 1877 1838 1802 1784 1772 1770 1836 1873 1888 1909 1949 2008 2069 2150 2231 2363 2480 2638 2801 3023 3184 3081 2987 2893 2824 2728 2631 2568 2678 2670 2673 2692 2703 2741 2783 2842 2930 2923 2678 2682 2810 2974 3160 3190 3148 3016 2909 2817 2683 2568 2512 2481 2458 2442 2449 2460 2463 1708 1075 1718 2539 2953 3054 3126 3153 3248 3387 3334 3423 3833 4320 5325 6174 5529 3376 2943 2917 2884 2573 2100
37872689 0 0 0 0 0 0 0 0 0 0 0 0 0 0 0 0 0 0 0 0 0 0 0 0 2112 2132 2162 2236 2966 3370 4290 5419 5143 2666 2467 2336 2132 1942 1873 1810 1758 1707 1681 1647 1627 1616 1610 1643 1667 1679 1701 1718 1756 1816 1875 1948 2042 2150 2284 2451 2641 2856 3042 2980 2878 2799 2738 2695 2660 2603 2604 2600 2616 2638 2675 2714 2766 2831 2932 3002 2827 2722 2847 3015 3216 3300 3291 3181 3073 2978 2870 2755 2724 2697 2670 2670 2676 2140 1140 1130 2195 2874 3226 3279 3292 3333 3443 3610 3493 3610 3976 4827 5657 6311 3711 3108 3048 3013 2761 2216 2190 2190 2214 2230
38293328 0 0 0 0 0 0 0 0 0 0 0 0 0 0 0 0 0 0 0 0 0 0 0 0 2573 3327 3389 3976 5756 3664 2536 2281 2082 1811 1706 1645 1594 1555 1519 1482 1455 1432 1420 1410 1480 1493 1500 1511 1535 1557 1589 1628 1672 1730 1815 1916 2056 2206 2379 2580 2804 2807 2746 2683 2765 2963 4362 6435 5239 2494 2510 2534 2567 2616 2678 2744 2826 2932 3035 2866 2735 2880 3082 3311 3378 3365 3268 3179 3085 2969 2870 2835 2820 2806 2807 2818 2840 2895 2959 3078 3217 3315 3434 3514 3617 3761 3659 3781 4062 5175 5922 6260 3927 3239 3156 3104 2308 2287 2280 2284 2309 2537 3273 3400
38718955 0 0 0 0 0 0 0 0 0 0 0 0 0 0 0 0 0 0 0 0 0 0 0 0 3471 4117 5538 2760 2441 2199 1882 1704 1618 1542 1480 1425 1386 1360 1329 1317 1306 1324 1356 1360 1360 1370 1379 1400 1416 1453 1497 1548 1603 1674 1757 1877 2019 2185 2377 2619 2680 2590 2526 2544 2716 2884 7162 7835 6734 2384 2404 2427 2467 2514 2575 2676 2750 2854 2958 2861 2762 2820 3023 3268 3396 3381 3302 3224 3149 3045 2955 2924 2906 2905 2910 2936 2750 2974 3057 3196 3248 3259 3530 3692 3762 3923 3834 3999 4531 5081 5988 4508 3504 3371 3311 2737 2460 2457 2452 2490 2755 3331 3535 3600
39149688 0 0 0 0 0 0 0 0 0 0 0 0 0 0 0 0 0 0 0 0 0 0 0 0 9189 5774 2748 2507 2214 1891 1715 1618 1536 1476 1420 1368 1336 1310 1291 1315 1339 1317 1310 1310 1313 1325 1336 1364 1400 1448 1493 1541 1618 1691 1805 1927 2104 2299 2505 2513 2442 2380 2291 2247 2223 2220 2220 2225 2213 2229 2257 2292 2356 2417 2483 2575 2693 2801 2840 2714 2633 2812 3051 3260 3367 3339 3267 3209 3141 3075 2988 2980 2985 2990 3009 3037 2413 1069 1005 1020 1060 1164 2035 3929 4057 4084 4092 4303 5404 5908 6109 3707 3623 3550 3138 2705 2689 2680 2740 3186 3684 3736 4463 6880
39573755 0 0 0 0 0 0 0 0 0 0 0 0 0 0 0 0 0 0 0 0 0 0 0 0 2864 2536 2187 1872 1715 1596 1509 1432 1372 1327 1331 1325 1305 1283 1280 1260 1260 1257 1250 1255 1269 1281 1299 1333 1362 1411 1470 1529 1608 1694 1811 1970 2174 2320 2277 2210 2155 2123 2109 2272 5830 5830 5226 2177 2022 2045 2088 2134 2189 2259 2341 2443 2557 2702 2796 2672 2590 2731 3030 3276 3366 3334 3288 3233 3172 3077 3050 3050 3059 3070 3098 3146 2550 1244 1107 692 91 3046 4063 4216 4168 4288 4857 5481 6496 4893 3853 3733 3676 2849 2827 2810 2806 2933 3810 3828 3886 4780 6982 2810
39998003 0 0 0 0 0 0 0 0 0 0 0 0 0 0 0 0 0 0 0 0 0 0 0 0 2454 2021 1823 1688 1570 1462 1376 1316 1310 1290 1261 1235 1210 1193 1183 1171 1161 1169 1170 1178 1202 1223 1245 1279 1322 1376 1438 1523 1608 1723 1881 2122 2155 2063 1995 1942 1894 1880 1880 1896 1862 1775 1751 1878 1915 1963 2022 2103 2179 2292 2423 2554 2718 2714 2573 2586 2847 3177 3359 3379 3321 3277 3241 3184 3106 3131 3112 3003 2871 3190 3385 3479 3567 3727 4067 4193 4417 4405 4488 5161 6137 6022 4410 3964 3814 3361 3022 3001 3009 3353 3954 3978 4043 3737 3009 2525 2066 1845 1665 1550
40427897 0 0 0 0 0 0 0 0 0 0 0 0 0 0 0 0 0 0 0 0 0 0 0 0 1450 1363 1326 1315 1260 1208 1155 1119 1097 1082 1062 1060 1060 1060 1066 1075 1085 1103 1131 1168 1211 1257 1327 1392 1465 1572 1701 1854 1957 1895 1830 1767 1721 1700 1689 1681 1680 1687 1721 1730 1701 1734 1776 1844 1900 1979 2091 2205 2353 2515 2675 2656 2557 2588 2960 3288 3373 3395 3354 3324 3317 3229 3229 3255 2944 1671 2329 3385 3598 3704 3814 4121 4382 4526 4639 4677 5306 6111 6147 4843 4215 4054 3625 3236 3202 3238 3832 4111 4142 4200 3524 2845 2239 1951 1755 1601 1487 1411 1382 1330
40843795 0 0 0 0 0 0 0 0 0 0 0 0 0 0 0 0 0 0 0 0 0 0 0 0 1247 1193 1140 1091 1075 1047 1036 1019 1010 1010 1010 1013 1024 1036 1047 1059 1076 1097 1135 1179 1244 1313 1396 1498 1614 1715 1715 1660 1614 1579 1545 1600 1741 2985 5230 5298 5356 5409 3555 1598 1559 1602 1641 1686 1769 1861 1976 2124 2268 2480 2608 2538 2454 2593 3029 3342 3401 3367 3350 3343 3332 3295 3296 3319 3376 3451 3543 3577 3409 2004 1952 4570 4665 4756 4850 5719 6841 6627 4494 4301 3963 3529 3395 3369 3465 4161 4327 4330 4415 3465 2655 2213 1946 1745 1590 1530 1473 1381 1310 1230
41274075 0 0 0 0 0 0 0 0 0 0 0 0 0 0 0 0 0 0 0 0 0 0 0 0 1175 1128 1087 1061 1045 1028 1013 1010 1000 1010 1012 1022 1030 1037 1055 1069 1089 1112 1147 1207 1275 1344 1429 1537 1616 1551 1502 1463 1417 1386 1462 1597 1709 3525 4854 5065 5113 4581 3121 1785 1412 1463 1512 1574 1642 1738 1852 1997 2190 2408 2535 2491 2427 2545 3093 3349 3403 3377 3355 3358 3330 3311 3347 3392 3486 3575 3684 3802 3982 4243 4460 4546 4812 4862 5109 6677 6106 5045 4513 4392 3700 3547 3524 3588 4086 4456 4473 4172 3612 2647 2206 1924 1713 1642 1562 1448 1349 1282 1201 1150
41698734 0 0 0 0 0 0 0 0 0 0 0 0 0 0 0 0 0 0 0 0 0 0 0 0 1109 1078 1052 1035 1018 998 990 985 986 990 997 1009 1021 1037 1049 1070 1096 1134 1180 1243 1327 1412 1455 1443 1386 1337 1298 1264 1242 1374 1468 1584 1679 1648 4673 5109 4947 3632 1881 1281 1323 1364 1436 1508 1581 1678 1804 1959 2151 2400 2495 2435 2389 2643 3212 3375 3371 3370 3361 3371 3340 3354 3404 3477 3573 3671 3797 3950 4232 4484 3262 994 2030 5243 6353 7212 6413 4649 4558 4102 3693 3667 3739 4352 4604 4618 4452 3213 2492 2135 1878 1763 1665 1538 1433 1353 1271 1201 1150 1100
42117278 0 0 0 0 0 0 0 0 0 0 0 0 0 0 0 0 0 0 0 0 0 0 0 0 1077 1049 1037 1020 1009 997 990 990 995 1000 1011 1026 1037 1056 1080 1112 1139 1185 1239 1318 1374 1368 1315 1258 1212 1171 1135 1141 1258 1341 1465 2629 4035 4383 4510 4549 4074 2843 1656 1168 1222 1271 1331 1409 1492 1602 1723 1898 2129 2397 2441 2386 2453 2889 3270 3398 3382 3393 3404 3393 3391 3432 3516 3613 3707 3856 3984 3000 771 3869 5006 5118 2752 1026 1085 2630 4943 4757 4489 3852 3830 3852 4341 4666 4783 4587 3817 2768 2303 2002 1858 1726 1595 1477 1383 1309 1229 1171 1115 1080
42541023 0 0 0 0 0 0 0 0 0 0 0 0 0 0 0 0 0 0 0 0 0 0 0 0 1061 1039 1020 1006 993 980 976 973 984 990 1003 1018 1027 1046 1060 1086 1109 1152 1210 1270 1257 1189 1131 1084 1060 1030 1011 1053 1140 1212 1298 1431 2629 4459 4687 4757 4849 4369 2686 2126 1052 1085 1124 1176 1232 1306 1400 1510 1639 1805 2039 2314 2419 2365 2317 2581 3170 3360 3386 3396 3420 3438 3427 3445 3502 3577 3691 3799 3923 4074 4206 4416 5030 5135 5264 4032 1093 1070 1427 3972 4864 4377 3953 3910 3969 4374 4853 4872 4641 3764 2753 2349 2075 1946 1794 1639 1524 1422 1341 1270
42968055 0 0 0 0 0 0 0 0 0 0 0 0 0 0 0 0 0 0 0 0 0 0 0 0 1195 1151 1108 1077 1051 1029 1006 1000 990 989 981 990 992 1000 1003 1014 1026 1037 1058 1071 1105 1150 1202 1250 1245 1184 1134 1094 1060 1026 997 1012 1071 1137 1212 1568 2830 3653 3934 4077 4260 4455 3889 3060 2183 1318 1023 1054 1085 1136 1187 1260 1354 1445 1555 1688 1889 2130 2332 2352 2302 2272 2843 3278 3370 3376 3400 3431 3467 3401 3461 3529 3618 3720 3827 3966 4105 4210 4455 4967 5143 5277 5348 5818 5515 1570 932 964 2188 3578 3909 3901 4252 4810 4818 4814 4161 2971 2556 2230
43391314 0 0 0 0 0 0 0 0 0 0 0 0 0 0 0 0 0 0 0 0 0 0 0 0 2001 1904 1763 1630 1516 1405 1318 1244 1182 1134 1093 1069 1057 1036 1026 1020 1014 1010 1000 1000 1000 1001 1013 1024 1036 1047 1068 1093 1127 1167 1215 1269 1260 1201 1144 1095 1058 1032 1000 1029 1115 1169 1243 1345 1467 2396 4737 4784 4825 4880 5012 5667 1960 1024 1054 1088 1136 1186 1255 1342 1442 1556 1697 1883 2171 2396 2356 2301 2334 3096 3341 3371 3379 3394 3426 3400 3411 3471 3560 3668 3810 3952 4117 4289 4670 4992 5098 5240 6088 7300 7258 4856 4755 4313 3876 3844 3882 4451 4755 4800
43809658 0 0 0 0 0 0 0 0 0 0 0 0 0 0 0 0 0 0 0 0 0 0 0 0 4756 3899 2798 2400 2067 1882 1706 1554 1440 1339 1265 1208 1161 1111 1079 1064 1048 1034 1023 1012 1003 1000 1000 1000 1000 1005 1015 1028 1040 1058 1077 1112 1163 1217 1272 1263 1193 1148 1109 1075 1050 1030 1057 1147 1208 1292 1413 1540 2850 5224 4832 4889 5015 5351 2049 1052 1089 1125 1190 1242 1322 1415 1527 1647 1817 2045 2320 2412 2366 2312 2626 3224 3397 3380 3391 3413 3421 3395 3442 3507 3582 3698 3812 3967 4196 4502 4743 5003 5086 5241 6297 7400 6769 4845 4711 4273 3897 3805 3839 4560
44223614 0 0 0 0 0 0 0 0 0 0 0 0 0 0 0 0 0 0 0 0 0 0 0 0 4750 4780 4531 3492 2641 2230 1925 1800 1639 1514 1403 1327 1258 1195 1157 1116 1081 1071 1051 1032 1020 1012 1010 1000 1000 1002 1010 1014 1030 1053 1067 1087 1128 1177 1235 1292 1306 1245 1182 1129 1088 1060 1058 1099 1181 1249 1345 1474 2145 6379 4815 4851 4913 4977 3197 1078 1066 1100 1138 1191 1266 1335 1419 1535 1655 1832 2053 2272 2393 2339 2324 2736 3227 3370 3370 3370 3387 3390 3362 3418 3499 3588 3689 3818 3982 4256 4513 4787 4949 5057 5258 6230 7295 6442 4808 4663 4160 3816 3780 3800
44652484 0 0 0 0 0 0 0 0 0 0 0 0 0 0 0 0 0 0 0 0 0 0 0 0 4438 4814 4869 4576 3495 2623 2222 1979 1817 1682 1554 1449 1368 1301 1242 1192 1155 1117 1091 1069 1054 1044 1026 1020 1012 1010 1019 1028 1030 1049 1061 1083 1108 1146 1197 1254 1310 1334 1286 1210 1172 1114 1083 1049 1154 1199 1257 1336 1443 1579 5660 5062 4862 4902 4967 4104 1118 1055 1091 1138 1190 1260 1328 1407 1518 1651 1823 2055 2303 2369 2298 2294 2627 3248 3327 3326 3340 3352 3367 3325 3364 3434 3530 3632 3771 3909 4132 4412 4652 4903 5013 5180 6320 6409 5023 4747 4660 4217 3818 3790
45070413 0 0 0 0 0 0 0 0 0 0 0 0 0 0 0 0 0 0 0 0 0 0 0 0 3887 4843 4861 4905 4445 3553 2722 2264 1982 1858 1737 1603 1499 1415 1356 1297 1246 1204 1167 1126 1092 1079 1060 1056 1045 1035 1030 1030 1031 1043 1061 1077 1097 1135 1187 1232 1284 1345 1360 1309 1235 1186 1132 1097 1084 1158 1224 1305 1406 1522 1636 2995 5392 4901 4954 5032 3348 1103 1089 1127 1176 1256 1328 1399 1492 1601 1753 1935 2169 2370 2349 2288 2337 3106 3305 3328 3320 3332 3348 3327 3328 3382 3468 3578 3700 3841 4112 4423 4647 4895 5043 5165 5186 4927 3872 4479 4643 4114 3829 3790
