long, lat
-71.42086252570152, 42.4273123538726
-71.42085339037854, 42.427301124598
-71.42085029496798, 42.42730296869134
-71.42084821708086, 42.42730372901243
-71.42084555194063, 42.42730459699932
-71.42084295609673, 42.42730520126231
-71.42083989970077, 42.42730592071395
-71.42083695619952, 42.427306579890036
-71.42083423831036, 42.427306705804725
-71.42083120612722, 42.427307117746544
-71.42082836492794, 42.42730726480475
-71.4208259972676, 42.427307129422154
-71.4208233020256, 42.42730728059947
-71.42082124548556, 42.42730704020177
-71.42081895188092, 42.42730700689365
-71.42081676307744, 42.42730702317262
-71.42081524362308, 42.427306622763595
-71.420813881864, 42.42730634715897
-71.4208122085357, 42.42730649967451
-71.42081097599427, 42.42730613248792
-71.42080940495798, 42.427306173664675
-71.42080883539016, 42.427305497414686
-71.4208080798338, 42.427305058634495
-71.4208073946808, 42.42730461612309
-71.42080652884684, 42.42730444508321
-71.42080597802034, 42.42730407546098
-71.42080549463195, 42.42730373892096
-71.42080485098522, 42.427303645007356
-71.42080409504669, 42.42730372454278
-71.42080344231154, 42.427303736201104
-71.42080256707821, 42.42730387590598
-71.42080221825188, 42.42730368595355
-71.42080128808117, 42.42730395633382
-71.42080103796569, 42.427303760292794
-71.42080074979886, 42.427303641837135
-71.42079999532722, 42.42730389401575
-71.42079962407506, 42.427303895278904
-71.42079930519202, 42.42730387382894
-71.42079860700018, 42.42730415947815
-71.42079847925821, 42.42730405594087
-71.42079855866994, 42.427303790757534
-71.4207984221605, 42.42730371950846
-71.42079852088122, 42.42730347724826
-71.420798088027, 42.42730365794225
-71.42079803877573, 42.42730355120876
-71.42079749175868, 42.427303843271936
-71.42079779389715, 42.427303499896404
-71.4207978839603, 42.42730333362991
-71.42079796299096, 42.42730318050312
-71.42079744893427, 42.42730347853445
-71.42079751219234, 42.427303357728206
-71.42079729231659, 42.42730329554962
-71.42079678320064, 42.42730315044802
-71.42079571008298, 42.42730346893533
-71.42079548131728, 42.42730321526259
-71.42079398595752, 42.42730393454199
-71.4207936163953, 42.427303885793265
-71.42079344514117, 42.427303689226086
-71.42079329570214, 42.427303257746345
-71.4207931258678, 42.42730277913074
-71.42079278223304, 42.42730246804999
-71.4207925390696, 42.42730216038287
-71.4207920430789, 42.427302070831864
-71.42079195157133, 42.427301723304666
-71.42079166442007, 42.427301569175555
-71.42079150665565, 42.42730138875442
-71.42079124495726, 42.42730133402032
-71.42078928942436, 42.42730168225715
-71.42078765689806, 42.42730186087311
-71.42078655051553, 42.427301594225156
-71.42078545352517, 42.42730145735796
-71.420784690275, 42.427301116627824
-71.42078446822953, 42.42730047963677
-71.42078374838017, 42.42730031308106
-71.4207825550892, 42.427300622900844
-71.42078176554392, 42.427300625982355
-71.42078060122205, 42.427300041556094
-71.42077938708147, 42.427299746668815
-71.42077836830892, 42.42729934059684
-71.42077708265859, 42.42729931259475
-71.42077636986397, 42.42729891446662
-71.42077520031921, 42.42729903820559
-71.42077414202214, 42.42729901568181
-71.42077353693973, 42.42729882592863
-71.4207731444094, 42.42729847991748
-71.42077316610319, 42.4272978767118
-71.42077230394548, 42.42729799378704
-71.42077204894137, 42.42729769280778
-71.42077220622699, 42.427297153612855
-71.42077198860468, 42.427296905451165
-71.42077165814075, 42.42729681274045
-71.42077020447044, 42.42729653454859
-71.42076884416423, 42.42729641744051
-71.4207676108705, 42.4272962338042
-71.42076665879202, 42.42729603290907
-71.42076581626824, 42.42729570635256
-71.42076493720624, 42.42729557152871
-71.42076383964532, 42.42729565775686
-71.42076314457813, 42.427295468427644
-71.42076121861655, 42.42729542476645
-71.42076050441935, 42.42729475480515
-71.42075987082401, 42.42729395767301
-71.42075897697295, 42.42729349641647
-71.42075810109817, 42.42729315865194
-71.42075732959009, 42.42729282370464
-71.42075625745163, 42.42729245207656
-71.42075476274238, 42.42729210353105
-71.42075337385552, 42.427291711743955
-71.4207521882062, 42.42729130264951
-71.42075112872855, 42.427291001455096
-71.42075008179724, 42.4272907227432
-71.42074923606387, 42.427290497109546
-71.42074818909889, 42.42729057134344
-71.42074725720505, 42.42728981869324
-71.42074561225324, 42.42728956782248
-71.42074432412, 42.42728910771593
-71.42074263088864, 42.4272891722123
-71.4207416852655, 42.4272887025245
-71.42074086556734, 42.42728837086229
-71.42073988068954, 42.427288117486285
-71.42073943895168, 42.42728763261819
-71.42073792776088, 42.42728724938025
-71.42073531821671, 42.42728692217204
-71.42073341869624, 42.42728624367094
-71.4207315601763, 42.427285773438705
-71.42073000241129, 42.42728516813291
-71.420728658488, 42.42728464305458
-71.42072725135073, 42.427284212757336
-71.42072609273298, 42.42728377948325
-71.42072508458793, 42.42728334054748
-71.42072401221746, 42.42728304418536
-71.42072362489236, 42.42728238509709
-71.42072248037933, 42.427282434601864
-71.42072129406965, 42.42728147758244
-71.42072008045362, 42.42728046919645
-71.4207189314472, 42.427279683205604
-71.42071825613506, 42.427278606573864
-71.42071731980728, 42.427277890607904
-71.42071634990154, 42.42727730520623
-71.4207157822146, 42.42727664030915
-71.42071371156425, 42.4272764300073
-71.42071271592425, 42.427275534447425
-71.42071160554771, 42.427274728906504
-71.42071042952465, 42.42727425207068
-71.42070940221828, 42.42727368855013
-71.42070876508969, 42.42727303949516
-71.42070750841283, 42.42727291525299
-71.42070676057402, 42.42727252863555
-71.42070523143884, 42.42727176671139
-71.42070303575626, 42.427271503121695
-71.42070168982893, 42.42727080729668
-71.42070065272992, 42.427270113319175
-71.42069957022807, 42.42726945078966
-71.42069830622195, 42.4272691082874
-71.42069749556946, 42.427268569252796
-71.42069681588569, 42.427268153472696
-71.42069571205947, 42.427268216911976
-71.42069395751018, 42.427268085754456
-71.42069271117566, 42.42726738104741
-71.42069151716743, 42.427266723324365
-71.42069043366443, 42.42726619523421
-71.42068934361373, 42.42726574959513
-71.4206885840484, 42.42726523951853
-71.42068784510585, 42.42726476928521
-71.42068750336759, 42.42726409588215
-71.42068693821963, 42.42726375002165
-71.4206855275598, 42.42726311476898
-71.42068306202006, 42.42726274896983
-71.42068136377515, 42.42726181249598
-71.42067994222285, 42.427261026923595
-71.42067886747513, 42.427259990574946
-71.42067732901766, 42.427259523174236
-71.42067636722845, 42.42725886892214
-71.42067557684095, 42.42725810450214
-71.42067464198796, 42.427257642044566
-71.42067381272203, 42.42725721559792
-71.42067271996973, 42.4272570752454
-71.42067202626774, 42.42725676367072
-71.42067081629642, 42.427256374731904
-71.42066928078178, 42.427255669869815
-71.42066779887487, 42.42725531351052
-71.42066661188933, 42.42725453338696
-71.42066596179279, 42.42725364378666
-71.42066511484833, 42.42725290016242
-71.42066421765362, 42.42725242191051
-71.4206636151738, 42.42725176232989
-71.42066280390092, 42.42725142477131
-71.42066076795058, 42.42725151711401
-71.42065959549934, 42.42725089666785
-71.42065847610748, 42.42725024356818
-71.4206574397862, 42.42724964121548
-71.42065651910559, 42.42724911514545
-71.42065560145889, 42.42724871706187
-71.42065429056916, 42.42724790498146
-71.42065291813377, 42.427246934786545
-71.42065154372578, 42.427246057781815
-71.42064987806114, 42.427245629695236
-71.42064866906576, 42.42724501110693
-71.42064768602766, 42.42724437154959
-71.42064629464063, 42.42724417528317
-71.42064520183021, 42.427243987384784
-71.4206442228766, 42.42724375337742
-71.42064225575324, 42.42724339268125
-71.42064094077585, 42.4272428678427
-71.42064014312514, 42.427241926905346
-71.42063900903644, 42.42724142735742
-71.42063854613197, 42.42724043015006
-71.42063673450639, 42.42724064656121
-71.42063600974532, 42.427240147422125
-71.42063537421608, 42.42723975712546
-71.42063470569227, 42.42723952617988
-71.42063265033093, 42.42723831638242
-71.4206309152695, 42.427237141220644
-71.4206291594189, 42.42723604936383
-71.42062807029862, 42.4272347234638
-71.4206266239154, 42.427233868549514
-71.42062530688337, 42.42723312072663
-71.42062415322737, 42.42723244718426
-71.42062272334057, 42.427232069484525
-71.42062174536173, 42.42723149686036
-71.42062090507773, 42.427230904256746
-71.42062023282561, 42.42723033697378
-71.42061991497408, 42.427229612579644
-71.42061935742275, 42.42722909643152
-71.42061848569723, 42.427228539905286
-71.42061719979205, 42.42722791392105
-71.42061606252459, 42.427227382674225
-71.42061501670815, 42.42722684361785
-71.42061404027838, 42.427226394840126
-71.42061220724452, 42.427226777335456
-71.42061141537178, 42.42722643907438
-71.42061073394807, 42.42722607196468
-71.42060962228385, 42.427225167163144
-71.42060744847107, 42.42722453493805
-71.4206057985031, 42.42722367339909
-71.420604281968, 42.427222930588
-71.4206029220926, 42.42722218513171
-71.4206017208692, 42.42722152260499
-71.42060083783201, 42.427220712026326
-71.42059991158742, 42.42722008645394
-71.42059838894488, 42.42721927112143
-71.42059611487481, 42.42721820209651
-71.42059403016242, 42.42721726280118
-71.42059221041843, 42.42721649030187
-71.42059050655966, 42.42721574707796
-71.42058899541544, 42.42721514506075
-71.42058757290486, 42.42721445015077
-71.42058634677255, 42.42721389115177
-71.42058521916071, 42.427213509702646
-71.42058407314721, 42.427212811997336
-71.42058232084148, 42.42721165021662
-71.4205807593161, 42.42721061906712
-71.42057886213037, 42.4272103308268
-71.420577647009, 42.42720954395348
-71.42057655856576, 42.42720879913367
-71.42057554192574, 42.4272080247968
-71.42057459153683, 42.427207514349135
-71.42057391581787, 42.42720700467443
-71.42057335587644, 42.42720658132594
-71.42057164590429, 42.427205498359434
-71.42056977291665, 42.42720430727564
-71.42056812000015, 42.4272032152137
-71.42056666834787, 42.42720222454534
-71.42056548790967, 42.42720135204662
-71.42056426003381, 42.42720041666778
-71.42056322223247, 42.42719971198294
-71.4205622273095, 42.42719900049258
-71.42056140013142, 42.427198357850806
-71.42056072472589, 42.42719772712205
-71.42056011219759, 42.42719712984108
-71.42055960898298, 42.427196573503274
-71.42055911892086, 42.427196055433356
-71.4205587634043, 42.427195562509695
-71.42055843322201, 42.42719506297724
-71.4205578471291, 42.42719431529889
-71.42055694549664, 42.42719326813968
-71.42055611719721, 42.427192333674334
-71.42055585682692, 42.4271910844474
-71.42055527656287, 42.427190281347364
-71.4205546754668, 42.427189528674596
-71.42055410539466, 42.427188868457364
-71.42055357548692, 42.42718824388367
-71.42055299905694, 42.4271873652074
-71.42055187176464, 42.42718617866956
-71.42055074213245, 42.427185231915026
-71.4205496858576, 42.42718425925041
-71.42054861772131, 42.42718356715523
-71.4205478726518, 42.42718271964487
-71.42054732411589, 42.42718196129751
-71.42054678723332, 42.42718119545825
-71.42054641042317, 42.42718041966801
-71.42054586099839, 42.42717946668088
-71.42054521602687, 42.427178785453236
-71.42054478251403, 42.427178009343535
-71.42054467759667, 42.42717710550082
-71.42054441633502, 42.427176406520495
-71.42054422800955, 42.427175727105286
-71.42054407095493, 42.42717513213509
-71.42054362044865, 42.42717486510683
-71.420543638268, 42.42717434330175
-71.42054363301698, 42.427173767616985
-71.42054344318439, 42.42717340074818
-71.42054325498766, 42.42717304270987
-71.42054296448703, 42.42717284258397
-71.4205436322634, 42.42717198298537
-71.42054349618498, 42.42717178299616
-71.42054290585712, 42.4271718710884
-71.42054272221772, 42.42717172217227
-71.42054261571928, 42.42717156039853
-71.4205426565995, 42.42717117551872
-71.42054281291482, 42.42717046551247
-71.42054282981029, 42.427169910398874
-71.42054264291912, 42.427169578812375
-71.42054249545617, 42.427169217827355
-71.42054255768242, 42.427168770667436
-71.42054257833598, 42.42716840275159
-71.42054253820548, 42.427168111190454
-71.42054245000837, 42.427167867721124
-71.42054234024802, 42.42716766820865
-71.42054234831674, 42.427167411568675
-71.42054226413327, 42.42716724227858
-71.42054226470519, 42.427167035404004
-71.42054271321207, 42.42716656232695
-71.4205434417908, 42.42716591887876
-71.42054397062583, 42.42716542554508
-71.42054442749048, 42.42716499873793
-71.42054494666954, 42.427164532055635
-71.42054525553944, 42.42716422961007
-71.42054566205687, 42.42716386115937
-71.4205464774691, 42.427163240461525
-71.42054838728671, 42.42716182974697
-71.42054922375729, 42.427161211252034
-71.42055040063988, 42.42716034161643
-71.42055103618752, 42.42715987168076
-71.42055145677296, 42.42715956046973
-71.4205518873367, 42.42715924196369
-71.42055228739612, 42.427158946011865
-71.42055274956904, 42.42715860430138
-71.42055304437464, 42.427158386155796
-71.42055327445706, 42.42715821583656
-71.42055345925338, 42.42715807897159
-71.42055377654573, 42.42715784436272
-71.4205542944237, 42.42715746174234
-71.42055464341614, 42.42715720385103
-71.42055505851037, 42.42715713880688
-71.4205553426879, 42.427157352281064
-71.4205560644587, 42.42715721048017
-71.42055706435922, 42.42715680558026
-71.42055772927911, 42.427156642637826
-71.4205581441261, 42.42715662791214
-71.42055857299053, 42.4271565624396
-71.42055896828192, 42.42715647696606
-71.42055961325171, 42.42715645738663
-71.42056044594534, 42.4271564733132
-71.42056135939303, 42.42715637306944
-71.42056363737663, 42.42715518017169
-71.4205643118492, 42.42715514568284
-71.4205650690033, 42.42715499608031
-71.42056555199017, 42.427155032430775
-71.4205659947572, 42.42715505180225
-71.4205665884994, 42.427154941011196
-71.42056695777973, 42.427154952939624
-71.42056728037761, 42.427154975837176
-71.42056760276876, 42.42715496956265
-71.42056775625532, 42.42715506875957
-71.42056894449654, 42.427154425003074
-71.42056979337968, 42.42715400151555
-71.4205703930722, 42.42715376845874
-71.4205709520947, 42.42715354521274
-71.42057198287749, 42.427152942145355
-71.42057246528397, 42.4271527390122
-71.42057295963613, 42.42715250399546
-71.42057405708229, 42.42715227900274
-71.42057494988347, 42.42715213252601
-71.4205759115812, 42.427151898054596
-71.42057657282184, 42.42715183729614
-71.42057719887868, 42.427151741751345
-71.42057784401302, 42.42715161802553
-71.42057879530968, 42.42715125138472
-71.42057986302447, 42.42715077424038
-71.42058093960186, 42.427150283403726
-71.42058305942551, 42.42714896232542
-71.42058371265843, 42.42714872871884
-71.42058406263281, 42.42714869960827
-71.42058461034595, 42.42714849041042
-71.42058466702078, 42.42714860916199
-71.42058545409806, 42.427148191716526
-71.42058666635356, 42.42714748969478
-71.42058757265472, 42.42714700123629
-71.42058800620327, 42.427146838354005
-71.42058876295498, 42.42714642800674
-71.42058960495574, 42.42714593921328
-71.42059028748221, 42.427145546061936
-71.42059098740259, 42.42714512235771
-71.42059156390157, 42.42714438507994
-71.42059197991483, 42.4271438041872
-71.42059244384565, 42.427143218042886
-71.42059225268603, 42.42714312755028
-71.42059301728202, 42.427142364932074
-71.42059351043618, 42.42714181300225
-71.42059414906942, 42.427141183885716
-71.42059426660914, 42.42714094203333
-71.42059436083773, 42.4271407302978
-71.42059479980804, 42.42714028779874
-71.42059492982352, 42.42714007860402
-71.42059465064092, 42.42714018338577
-71.42059694617309, 42.427138087079705
-71.42059761669351, 42.42713722154116
-71.4205980363233, 42.42713651202423
-71.42059847696001, 42.42713584963575
-71.4205988874283, 42.42713522097292
-71.42059943392591, 42.42713452310026
-71.42059989906377, 42.42713393526997
-71.42060056726058, 42.427133225485605
-71.42060144654484, 42.427132391939104
-71.42060208588039, 42.427131748286726
-71.42060294982952, 42.427130961927126
-71.42060361855977, 42.427130332166406
-71.42060415583386, 42.42712981312371
-71.4206043828118, 42.42712952760482
-71.42060526362734, 42.42712900697378
-71.42060621840454, 42.42712861042196
-71.42060723069261, 42.42712815325364
-71.42060804156017, 42.427127804503904
-71.42060887151796, 42.42712742940654
-71.4206099618525, 42.42712684142379
-71.42061084412188, 42.42712638083841
-71.42061163791486, 42.4271259490998
-71.42061187266535, 42.4271257855625
-71.42061216186998, 42.42712532270975
-71.42061298872572, 42.42712449867105
-71.42061399342296, 42.42712356820688
-71.420615083717, 42.42712259725405
-71.42061515551956, 42.42712239406227
-71.42061525319903, 42.42712217231403
-71.42061548252, 42.42712187682676
-71.42061521344934, 42.42712196797326
-71.42061530323302, 42.42712180991516
-71.420616128173, 42.42712151337719
-71.42061683874215, 42.427121294142026
-71.42061743298376, 42.427121138563315
-71.42061814340336, 42.427120874288576
-71.42061884262114, 42.42712058921699
-71.42062001628332, 42.427119923165854
-71.42062047655686, 42.42711976637219
-71.42062090224759, 42.4271196163175
-71.42062135893195, 42.42711943504365
-71.42062171001352, 42.42711930926807
-71.42062204929766, 42.42711918402232
-71.42062256022221, 42.42711893628717
-71.42062342536921, 42.427118442454685
-71.42062424752051, 42.42711796498608
-71.42062498204596, 42.427117530914465
-71.42062607697957, 42.4271168293796
-71.42062614924647, 42.42711687125708
-71.42062663197306, 42.42711660224154
-71.4206283377971, 42.42711583942232
-71.42062927645789, 42.42711560649217
-71.42063141039375, 42.427114427925
-71.42063208003786, 42.42711432201266
-71.42063245825315, 42.427114398783885
-71.4206331729671, 42.42711420156955
-71.42063420121025, 42.42711392320379
-71.42063620185803, 42.427113596897456
-71.42063807198836, 42.427113284117084
-71.42064017915489, 42.4271126412303
-71.42064189974664, 42.42711223287048
-71.42064323942775, 42.42711196802508
-71.42064447994139, 42.4271117605381
-71.42064538321485, 42.427111677511334
-71.42064635585608, 42.42711145155677
-71.42064776284289, 42.42711098121879
-71.42064923099673, 42.42711043430466
-71.4206507447406, 42.42710982189597
-71.42065181341844, 42.42710949357037
-71.42065279857165, 42.427109175378845
-71.42065366109513, 42.42710891352877
-71.42065471132292, 42.42710844764623
-71.42065557892386, 42.42710805908181
-71.42065719509154, 42.427107574234164
-71.42065870727389, 42.427107095277556
-71.42065984711229, 42.42710687475067
-71.42066085895897, 42.42710668622902
-71.4206628754817, 42.42710568704918
-71.4206638690118, 42.42710542652848
-71.4206646588415, 42.4271052499681
-71.42066537722349, 42.42710509308183
-71.42066615961176, 42.42710484983465
-71.42066670685831, 42.42710473127612
-71.42066723307511, 42.4271046315311
-71.42066788745404, 42.427104441526
-71.42066913153661, 42.427104216113875
-71.42067035704802, 42.42710394759063
-71.42067127903732, 42.427103824247844
-71.42067204728517, 42.427103764583485
-71.42067296080678, 42.42710355854929
-71.42067367116027, 42.427103443013905
-71.42067507302498, 42.42710326303844
-71.42067642966019, 42.427103032267986
-71.42067760479364, 42.427102858129494
-71.42067866959557, 42.42710271276284
-71.42067940466785, 42.4271027675894
-71.42068027454528, 42.42710258987967
-71.42068144519673, 42.42710181507336
-71.420681685228, 42.427101717876106
-71.42068160576086, 42.427101854366875
-71.42068351361928, 42.4271005119971
-71.42068438137436, 42.42709992836107
-71.42068482870961, 42.427099653451
-71.42068528264856, 42.42709957738891
-71.42068604158595, 42.42709951212728
-71.42068697342968, 42.42709927456871
-71.42068792394437, 42.427098979251745
-71.42068943003818, 42.42709824309871
-71.42069025638567, 42.42709794379406
-71.42069129216992, 42.42709749492829
-71.42069202741028, 42.42709722838445
-71.42069333572695, 42.4270966339792
-71.42069450477774, 42.42709609859167
-71.42069571942268, 42.42709547382261
-71.42069733496925, 42.42709454195831
-71.42069822688278, 42.427094113386325
-71.42069956648331, 42.4270933358859
-71.42070045953186, 42.42709287213246
-71.42070093299411, 42.42709270458642
-71.42070136501395, 42.427092555379154
-71.42070177979154, 42.42709240105116
-71.42070223246805, 42.42709220646351
-71.42070272966374, 42.427091965407364
-71.42070361572347, 42.427091880421635
-71.42070630176121, 42.42709044234051
-71.42070702530084, 42.427090408316936
-71.42070776833931, 42.42709032327448
-71.42070780545345, 42.427090705001184
-71.42070844005346, 42.4270906150715
-71.42070951450576, 42.42709037589964
-71.42071153241345, 42.427089645796976
-71.42071285320684, 42.42708936573704
-71.42071383575481, 42.427089270047794
-71.42071465105008, 42.427089275832806
-71.42071605224562, 42.42708877501948
-71.42071695141414, 42.42708858900312
-71.42071828471911, 42.42708848094659
-71.42071970754459, 42.42708831512387
-71.42072105836787, 42.4270880696803
-71.42072222773892, 42.42708793300172
-71.42072320241192, 42.42708782756515
-71.4207244522605, 42.42708753568919
-71.42072558817198, 42.42708719180519
-71.4207267231507, 42.42708675903985
-71.42072768900914, 42.42708638027432
-71.42072965540346, 42.427085530571304
-71.42073087413374, 42.42708516261322
-71.42073188914249, 42.42708489752563
-71.42073295621341, 42.42708454176957
-71.42073596186573, 42.427082701950624
-71.4207367416652, 42.42708244601951
-71.42073727257952, 42.427082389646436
-71.4207381828518, 42.427081984343474
-71.42073815289898, 42.42708223012401
-71.42073926227424, 42.42708226567018
-71.42074027846388, 42.42708226189561
-71.4207413250484, 42.42708212636035
-71.42074227286666, 42.42708200484408
-71.42074295066577, 42.42708204299147
-71.42074434693772, 42.4270814864961
-71.42074446319873, 42.42708181416614
-71.42074557453553, 42.42708138096599
-71.42074614862658, 42.4270813142582
-71.4207466941508, 42.42708123839553
-71.42074714340878, 42.427081207330886
-71.42074802525076, 42.42708132506063
-71.42074917001115, 42.427081581282245
-71.42075042659765, 42.427081662399104
-71.42075156619303, 42.42708166758791
-71.42075249619907, 42.4270818255115
-71.42075373284132, 42.42708161568874
-71.42075455319669, 42.4270817229421
-71.42075579612269, 42.427081672031576
-71.42075719508081, 42.42708172345686
-71.42075846977039, 42.42708177199965
-71.4207613125845, 42.427080503875224
-71.42076235614866, 42.4270805911491
-71.42076316305283, 42.42708070825889
-71.42076388144099, 42.427080883789806
-71.42076509974254, 42.427081139287026
-71.42076653133311, 42.42708152937065
-71.42076851840037, 42.4270814112099
-71.42077014694519, 42.42708142410396
-71.42077115309979, 42.427081698716
-71.42077200437184, 42.42708209192096
-71.42077278131003, 42.427082358281226
-71.42077349695337, 42.427082536492826
-71.42077423563555, 42.42708258951559
-71.42077635609306, 42.42708306462669
-71.42077851192732, 42.4270835861989
-71.42078057684398, 42.42708386491324
-71.42078250205695, 42.42708412923426
-71.42078416902709, 42.42708441186705
-71.42078552027608, 42.42708482059616
-71.42078692742885, 42.42708494622626
-71.4207881954173, 42.42708496436517
-71.42079033947208, 42.42708471018567
-71.4207919757234, 42.4270851074039
-71.42079399803244, 42.42708500798798
-71.42079558806446, 42.427085108500144
-71.42079847768626, 42.427084113394145
-71.42079990483364, 42.42708410786325
-71.42080094944674, 42.427084278123004
-71.42080125657017, 42.427084978173276
-71.42080210378438, 42.427085145847
-71.42080265219097, 42.42708547498536
-71.42080333135543, 42.42708563134956
-71.42080351517222, 42.42708606661593
-71.42080486385511, 42.42708651133725
-71.42080636739615, 42.427086685250806
-71.42080768793174, 42.42708698614341
-71.42080877272241, 42.42708732788527
-71.42080980018935, 42.42708759241912
-71.42081076428443, 42.427087836080055
-71.42081215242617, 42.427087640759765
-71.42081420374387, 42.427088479980945
-71.42081671375281, 42.427088830238375
-71.42081886006198, 42.4270892274322
-71.42082136591277, 42.42708920366259
-71.42082303014908, 42.427089558639636
-71.42082425165061, 42.42709022149327
-71.42082572445915, 42.42709097731208
-71.42082795144749, 42.42709119282035
-71.42083005796434, 42.42709132386777
-71.4208324381543, 42.42709099975149
-71.42083417270725, 42.4270911330625
-71.42083655716266, 42.427090577131125
-71.42083781864106, 42.42709083649484
-71.42083893342334, 42.427090973710044
-71.42084063717196, 42.42709109309375
-71.42084243939472, 42.42709128914405
-71.42084360609925, 42.42709186423243
-71.42084523522779, 42.427091913668036
-71.42084713879838, 42.42709160897643
-71.4208480422891, 42.42709198705497
-71.42084912672837, 42.42709211149615
-71.420850249629, 42.427092039508224
-71.42085203741048, 42.42709164148415
-71.4208545153599, 42.42709118623485
-71.42085601515512, 42.42709133821045
-71.42085763987063, 42.42709123587133
-71.42085901526211, 42.42709126216027
-71.42086021169602, 42.427091278906154
-71.42086123154782, 42.42709140323679
-71.42086202582746, 42.42709155585036
-71.4208628019751, 42.427091723598224
-71.42086353965176, 42.42709182983963
-71.4208641775889, 42.427091929670276
-71.4208647182203, 42.427092075317724
-71.42086510866, 42.42709250448649
-71.42086659442204, 42.42709252216375
-71.42086937581139, 42.42709143763494
-71.42087053828689, 42.42709139249595
-71.42087162722143, 42.42709145262272
-71.42087308140313, 42.427091140039174
-71.42087343889126, 42.42709157679094
-71.42087472796226, 42.427091194554784
-71.4208758829454, 42.42709101189818
-71.42087732521873, 42.427091179439905
-71.42087880863825, 42.42709113133067
-71.42087997244637, 42.42709134286927
-71.42088125082746, 42.427091329863735
-71.42088216561676, 42.427091516255295
-71.42088317376478, 42.42709155308343
-71.42088414278881, 42.42709148918615
-71.42088496680985, 42.42709141143716
-71.42088642472211, 42.42709125884284
-71.42088846257681, 42.42709058254958
-71.42088980818897, 42.42709041909799
-71.42089089894526, 42.42709035754844
-71.42089209365318, 42.42709011960249
-71.4208929717836, 42.42709006782451
-71.42089385013718, 42.42708995480927
-71.42089479899346, 42.42708968490864
-71.42089641074041, 42.42708956342543
-71.42089894807299, 42.427089532366665
-71.42090132264703, 42.42708945581639
-71.42090511124565, 42.427087930494594
-71.42090636446366, 42.427088454757246
-71.42090786194854, 42.427088633985065
-71.42090970637405, 42.42708833173475
-71.42091033993198, 42.42708874332561
-71.42091192423851, 42.42708878682061
-71.42091433787043, 42.42708858393069
-71.42091588573474, 42.42708888043345
-71.42091689557073, 42.42708945136057
-71.42091828341647, 42.42708966862888
-71.42091965001354, 42.42708970263967
-71.42092088037285, 42.42708977827801
-71.42092201790256, 42.42708974696568
-71.4209235089534, 42.4270894642841
-71.42092463762133, 42.42708935436783
-71.4209254068732, 42.42708944935155
-71.42092603138096, 42.427089596741595
-71.42092706550187, 42.42708962058899
-71.42092862020893, 42.42708969510752
-71.4209299116308, 42.427089824809
-71.42093100769773, 42.42709002100742
-71.42093198107945, 42.42709021884573
-71.42093296965793, 42.427090285692216
-71.42093345090461, 42.427090716826605
-71.42093466019203, 42.42709113382856
-71.42093789839116, 42.42709033431228
-71.42093954182012, 42.427090572322996
-71.42094142674206, 42.427090487849355
-71.42094189183378, 42.42709139925309
-71.42094214766328, 42.427092380860486
-71.42094312610001, 42.42709269538324
-71.42094526919097, 42.42709261384261
-71.4209469057997, 42.427092949720915
-71.42094842169502, 42.427093218391285
-71.42094975910304, 42.427093556222474
-71.42095078127053, 42.427093929784405
-71.4209513051802, 42.42709463613493
-71.42095162997398, 42.42709537029415
-71.4209527953129, 42.42709531908969
-71.42095475753163, 42.427095202090705
-71.42095746226616, 42.42709563452878
-71.4209597214366, 42.427096275290204
-71.4209617408065, 42.42709673558966
-71.42096361798019, 42.42709725839004
-71.42096462787433, 42.42709823647265
-71.42096658208384, 42.42709837284699
-71.42096802464219, 42.427098572060935
-71.42096959261666, 42.4270984468185
-71.42097148128298, 42.42709877485019
-71.42097327796726, 42.42709914328608
-71.42097499415075, 42.42709955586349
-71.42097775883559, 42.42709890388563
-71.42097898478933, 42.42709937125355
-71.42098052901397, 42.427099408931866
-71.42098136667546, 42.42709989819029
-71.42098179427937, 42.427100593079274
-71.42098190387549, 42.427101473275265
-71.42098316950349, 42.42710137710296
-71.42098390310062, 42.427101598308
-71.42098472573065, 42.42710168609523
-71.42098575974035, 42.42710184843662
-71.42098759676688, 42.427101734761095
-71.42098837133906, 42.42710234504853
-71.42099016598976, 42.42710202622303
-71.42099113122464, 42.427102230069345
-71.42099208742019, 42.42710239134772
-71.42099313774628, 42.42710272044476
-71.42099508154138, 42.42710300134524
-71.42099585352969, 42.427103957219956
-71.4209969091336, 42.42710463388741
-71.42099808851005, 42.42710512389733
-71.42099956400368, 42.42710523222141
-71.42100066853834, 42.427105459680575
-71.42100225767751, 42.427105693395625
-71.42100362346832, 42.42710616606838
-71.42100501211374, 42.4271065949332
-71.4210082985199, 42.42710540163349
-71.42100922900984, 42.42710592880838
-71.42101006674953, 42.427106398303444
-71.42101090773168, 42.42710670228164
-71.42101171268865, 42.42710687141568
-71.42101241690226, 42.427106984261336
-71.42101467272036, 42.42710759512218
-71.42101660592591, 42.427108175657025
-71.42101839464948, 42.42710864591361
-71.42102054728944, 42.42710865103941
-71.42102216911987, 42.42710887356264
-71.42102327621225, 42.42710934718333
-71.42102508271446, 42.42710921432546
-71.42102631423695, 42.42710924778012
-71.42102781450649, 42.42710890622498
-71.4210290570464, 42.42710934412384
-71.42103042596015, 42.42710983683951
-71.42103147094345, 42.427110441017504
-71.42103252698185, 42.42711099300174
-71.42103345232508, 42.42711145105266
-71.42103437975113, 42.42711183257827
-71.42103514328119, 42.427112211222166
-71.42103584166261, 42.42711257758657
-71.42103636242098, 42.42711299478462
-71.421036504817, 42.42711359897415
-71.42103723894682, 42.427113670470426
-71.42103959526449, 42.42711248643656
-71.42104006089555, 42.427112625254765
-71.421041058246, 42.4271129875966
-71.42104247182259, 42.4271129377089
-71.42104331535258, 42.42711327011965
-71.42104351526032, 42.427113984064476
-71.42104462216193, 42.42711395069234
-71.42104521132653, 42.42711419064819
-71.42104566137921, 42.42711454811116
-71.42104633327699, 42.427114782329454
-71.4210470159637, 42.427115548420204
-71.42104849196727, 42.42711555426734
-71.42104959942348, 42.42711569482163
-71.42105038547425, 42.427116025340105
-71.42105104535399, 42.42711637019085
-71.42105165581606, 42.42711667873898
-71.42105244602462, 42.427117071751724
-71.42105326061485, 42.42711804015647
-71.42105431123694, 42.42711872058716
-71.42105517867924, 42.427119347253694
-71.42105601056329, 42.42711991241411
-71.4210568589003, 42.42712031038922
-71.42105770296618, 42.427120689849836
-71.42105843573144, 42.4271209437337
-71.42105897455855, 42.42712120507963
-71.42106048047438, 42.42712103157216
-71.42106115832823, 42.42712209612999
-71.42106205565156, 42.42712289435494
-71.4210632687315, 42.42712335124855
-71.4210639581944, 42.427124124943795
-71.42106464225081, 42.42712470962114
-71.42106544154154, 42.42712511063433
-71.4210660014383, 42.427125593125325
-71.42106652429918, 42.42712595391147
-71.42106720879232, 42.42712621570156
-71.42106818486657, 42.427127285148465
-71.42106878447056, 42.42712836841647
-71.42106957245903, 42.42712920824913
-71.42107029023009, 42.42712987897869
-71.42107105537299, 42.42713049686488
-71.4210714168167, 42.4271312114852
-71.42107190869247, 42.42713182772207
-71.42107215111437, 42.42713248722505
-71.42107294471067, 42.42713265355176
-71.42107334536857, 42.427133022754106
-71.4210736930538, 42.4271333819291
-71.42107377023693, 42.42713390257359
-71.42107429302662, 42.4271340190983
-71.42107446695829, 42.42713466994854
-71.42107465084655, 42.42713518970445
-71.42107492764441, 42.42713564940379
-71.42107536221651, 42.427135915737566
-71.4210755653216, 42.42713623464284
-71.42107557220338, 42.42713671854903
-71.42107549340182, 42.42713722667237
-71.42107578455898, 42.42713815927335
-71.42107629996383, 42.4271390274115
-71.42107683074556, 42.427139802240035
-71.42107725290806, 42.427140476474676
-71.42107762635615, 42.42714117093823
-71.42107788549272, 42.42714184207409
-71.42107826591158, 42.427142298911704
-71.42107843682203, 42.42714317968202
-71.42107848858795, 42.42714407224439
-71.42107861872405, 42.427144783861436
-71.42107873417565, 42.427145469609634
-71.42107868901378, 42.42714617325161
-71.4210786253863, 42.42714685274566
-71.42107854062277, 42.42714758505735
-71.42107842935027, 42.42714850061337
-71.4210783283979, 42.42714931537933
-71.42107824236521, 42.4271500504033
-71.42107816245047, 42.42715071877018
-71.42107809586545, 42.427151297947454
-71.42107803814868, 42.427151780185646
-71.42107792629746, 42.42715255024646
-71.421077813959, 42.427153353543844
-71.42107785744541, 42.42715396176976
-71.42107781945857, 42.42715456793212
-71.42107780872348, 42.42715509324334
-71.42107778374553, 42.42715558180695
-71.42107780949677, 42.42715600187708
-71.42107799974353, 42.42715622511879
-71.42107830971142, 42.42715635992196
-71.42107856388196, 42.4271564946285
-71.42107888339316, 42.427156884361075
-71.42107896886978, 42.4271576319277
-71.42107877006438, 42.42715858396846
-71.42107870615523, 42.42715930982847
-71.42107861843492, 42.42715998536621
-71.42107849505469, 42.427160650334315
-71.42107827776272, 42.42716131620492
-71.42107799582351, 42.42716200006131
-71.42107768897556, 42.427162638176895
-71.42107744142668, 42.4271631988381
-71.42107720845902, 42.427163737944035
-71.42107700768314, 42.427164193784684
-71.42107679411976, 42.4271646533522
-71.42107658278313, 42.42716520425322
-71.42107626729437, 42.42716627183309
-71.42107599611634, 42.42716719849636
-71.42107574324575, 42.427168012397374
-71.42107550210476, 42.42716883012782
-71.42107528685794, 42.42716956721245
-71.42107509987794, 42.4271702302981
-71.42107493951755, 42.42717077051579
-71.42107471686754, 42.42717154317897
-71.42107453982297, 42.42717231838697
-71.42107462515253, 42.42717288037691
-71.42107474331297, 42.42717335189339
-71.42107479760254, 42.427173797073664
-71.42107488388656, 42.42717419996923
-71.42107519084448, 42.427174338453625
-71.42107526477382, 42.427174720815984
-71.4210753470941, 42.42717528711416
-71.42107533456077, 42.427175845068206
-71.42107528186234, 42.42717638648179
-71.42107536139707, 42.427176789692695
-71.42107531556323, 42.4271772585448
-71.42107524000511, 42.42717770581503
-71.42107514825035, 42.42717813230215
-71.42107482960726, 42.427178680723664
-71.4210744289178, 42.42717925864627
-71.42107407859395, 42.42717978303778
-71.42107380065443, 42.42718020859547
-71.42107341187895, 42.42718102431263
-71.42107319300383, 42.42718165337737
-71.42107292515912, 42.427182274595644
-71.42107263735805, 42.42718286872999
-71.42107246091678, 42.42718336086596
-71.42107216649397, 42.42718404954535
-71.42107190795579, 42.42718477404301
-71.42107171989096, 42.42718543014433
-71.42107159317902, 42.427185971496826
-71.42107153674249, 42.42718643834488
-71.42107138944208, 42.42718692460744
-71.42107126121884, 42.42718739246027
-71.42107110529778, 42.42718811828899
-71.42107095196332, 42.42718876732308
-71.42107081678482, 42.42718935564684
-71.42107085540931, 42.42718976421831
-71.42107073399028, 42.42719026138952
-71.42107063682832, 42.42719068094775
-71.42107047847946, 42.42719104513942
-71.4210703284288, 42.4271916069163
-71.42107006285174, 42.427192697245786
-71.42106981024511, 42.42719368227059
-71.42106957701913, 42.4271945720005
-71.4210693686657, 42.427195337719255
-71.4210691764708, 42.42719602968279
-71.42106902300957, 42.42719658683653
-71.42106873016465, 42.42719714193288
-71.42106782317504, 42.42719795578736
-71.42106694081419, 42.42719873781227
-71.42106614139439, 42.42719944397473
-71.4210654053679, 42.42720009781805
-71.42106473274264, 42.427200695392806
-71.42106413885425, 42.42720122453724
-71.42106362214238, 42.42720168562062
-71.42106318724382, 42.42720207799626
-71.42106271480775, 42.427202494332164
-71.42106223859852, 42.42720302554665
-71.42106212222807, 42.427203440061724
-71.4210620653604, 42.42720377687191
-71.42106201823962, 42.42720407639701
-71.42106209375345, 42.42720426035496
-71.4210619506465, 42.427204880125345
-71.42106184167453, 42.42720565403837
-71.4210613854084, 42.42720665452943
-71.42106095658617, 42.427207577652084
-71.4210605818638, 42.42720836600896
-71.42106020349732, 42.42720914257295
-71.42105978839218, 42.42721014744734
-71.4210594172733, 42.427211042689606
-71.42105905375847, 42.42721191142955
-71.42105862670458, 42.42721272689084
-71.42105826079145, 42.4272135070406
-71.42105765753598, 42.42721440382947
-71.42105709923578, 42.42721520010725
-71.42105642378071, 42.4272160059549
-71.42105598222642, 42.42721658763937
-71.42105556521354, 42.42721750736825
-71.42105525735974, 42.42721826148224
-71.42105501567508, 42.4272189307985
-71.42105481896522, 42.4272195160353
-71.42105473603496, 42.42721997278831
-71.42105452423078, 42.42722048148333
-71.42105422934141, 42.427220979510146
-71.4210540997848, 42.42722151727133
-71.42105366189934, 42.427222588796525
-71.42105341916609, 42.42722351481305
-71.4210532024232, 42.42722428089722
-71.42105303936253, 42.4272250189163
-71.42105290285387, 42.427225619143634
-71.42105273266777, 42.427226238737134
-71.42105253895149, 42.427226787958425
-71.42105236022314, 42.42722732328555
-71.42105219236508, 42.427227772211985
-71.42105200834357, 42.427228244153426
-71.4210517742249, 42.42722869568992
-71.42105154980722, 42.4272291348372
-71.42105138892812, 42.42722949296117
-71.42105122857703, 42.42722983477784
-71.4210510221704, 42.42723019261576
-71.42104981097042, 42.42723107086555
-71.4210490024968, 42.4272315844537
-71.42104821578836, 42.42723207813096
-71.42104753249377, 42.42723250674439
-71.42104704275555, 42.427232792948026
-71.4210464742049, 42.42723314895586
-71.42104583959461, 42.42723355708087
-71.42104531271251, 42.427233896869744
-71.42104463282963, 42.42723458950604
-71.42104399693511, 42.4272352455784
-71.42104323223103, 42.42723597983571
-71.42104298230291, 42.42723632809689
-71.42104257424877, 42.42723676944112
-71.42104193461, 42.42723737654475
-71.42104139369822, 42.42723791527706
-71.42104095128441, 42.42723860790192
-71.42103991730106, 42.427239688428244
-71.42103955782044, 42.427240222970475
-71.4210391251736, 42.42724080028547
-71.42103884267921, 42.427241255500846
-71.4210386204381, 42.42724165327275
-71.42103836155269, 42.42724215562516
-71.4210384046701, 42.42724255503646
-71.42103818621081, 42.42724310856136
-71.42103792350706, 42.42724366552493
-71.42103759492439, 42.42724421755112
-71.42103730446715, 42.427244718676576
-71.42103667091519, 42.427245420210426
-71.42103627544135, 42.427245903184996
-71.42103535848302, 42.427246648590526
-71.42103467057198, 42.427247095069944
-71.42103430156638, 42.427247308682055
-71.42103299373423, 42.42724822468218
-71.42103275692169, 42.42724834969906
-71.42103232150808, 42.427248628278385
-71.42103214603527, 42.427248716948284
-71.42103176879598, 42.42724896019599
-71.42103124874286, 42.4272493121077
-71.42103066689413, 42.42724971302813
-71.42103028206968, 42.42724997098783
-71.42102997665708, 42.427250172695224
-71.42102939551921, 42.42725063618484
-71.42102895078222, 42.427251443391405
-71.4210283959706, 42.42725227148209
-71.42102799666141, 42.42725295552493
-71.42102764283136, 42.427253566190146
-71.42102659738741, 42.42725465088307
-71.42102640887092, 42.427255075193735
-71.42102539725767, 42.42725590336256
-71.42102462521089, 42.4272564501426
-71.42102377313823, 42.42725705735471
-71.42102312327769, 42.42725751780646
-71.42102229876114, 42.42725810946009
-71.42102170105376, 42.4272585342592
-71.42102081113433, 42.42725902261714
-71.42101999208325, 42.427259340454064
-71.42101931788153, 42.427259574723124
-71.42101824849236, 42.42726012980787
-71.4210165611742, 42.42726117967608
-71.42101565282655, 42.427261661048185
-71.42101489613208, 42.42726215568096
-71.42101417516267, 42.42726276411987
-71.4210138594075, 42.42726306934408
-71.4210132704373, 42.427263566335355
-71.42101259629511, 42.42726412020372
-71.42101170055034, 42.42726483060524
-71.4210112943179, 42.42726517698356
-71.42101085223219, 42.42726554184533
-71.42101006507757, 42.42726600783449
-71.42100870556509, 42.42726678308993
-71.42100771818043, 42.427267297282576
-71.42100723474697, 42.42726746137547
-71.42100643406502, 42.42726787727373
-71.42100557548883, 42.42726835440517
-71.4210048980581, 42.42726871530362
-71.42100397625073, 42.427269272276774
-71.42100386009207, 42.42726923738173
-71.4210033075233, 42.427269542253434
-71.42100275029247, 42.42726985487911
-71.42100271568218, 42.427269792597556
-71.42100229947107, 42.42727002158934
-71.42100095180713, 42.42727070791768
-71.42099976683501, 42.42727128049297
-71.42099869019349, 42.427271772667
-71.42099768590136, 42.42727225944649
-71.4209963161764, 42.42727303002507
-71.42099492204132, 42.427273851758635
-71.42099483195972, 42.427273704563234
-71.42099403544043, 42.427274493688124
-71.42099341525247, 42.427275218310804
-71.42099281022027, 42.42727591193441
-71.42099215351861, 42.42727662572278
-71.42099150431126, 42.427277298266446
-71.42099114892324, 42.42727775133348
-71.4209904472518, 42.42727843194499
-71.42098933815896, 42.42727888464614
-71.42098788937552, 42.42727965275224
-71.42098703325472, 42.42727997769154
-71.42098578858688, 42.42728063021774
-71.42098530782827, 42.42728074501453
-71.42098487232903, 42.42728084369541
-71.42098443276461, 42.42728096513559
-71.42098362025939, 42.427281345534205
-71.42098219261659, 42.42728219139936
-71.42098100277786, 42.427282875081076
-71.42097988882479, 42.42728352046506
-71.42097943131489, 42.42728369616044
-71.42097848207189, 42.42728424787111
-71.42097769264433, 42.427284697057715
-71.42097665973523, 42.427285347528034
-71.4209757590759, 42.42728592228558
-71.42097525792197, 42.42728636931666
-71.42097406267317, 42.42728737367575
-71.42097352775657, 42.42728788028913
-71.42097294191822, 42.42728841461005
-71.42097258255842, 42.42728876676588
-71.42097185240416, 42.427289393081544
-71.42097146015128, 42.427289756154124
-71.4209710435578, 42.42729013586698
-71.42097079126454, 42.42729038087637
-71.42097052992462, 42.42729063327548
-71.4209701517419, 42.42729096060956
-71.42096948416126, 42.427291502294345
-71.4209692151233, 42.42729174277043
-71.42096913819168, 42.427291839914346
-71.42096845916379, 42.427291947572016
-71.42096757178275, 42.427292159690936
-71.42096701492056, 42.427292174558616
-71.42096648316956, 42.42729219117264
-71.42096599425318, 42.427292228898025
-71.42096561639418, 42.427292201648335
-71.42096453307731, 42.427292514915
-71.42096316019779, 42.42729303916083
-71.4209621332537, 42.42729332866173
-71.42096142267906, 42.42729342860557
-71.42096073850496, 42.42729355235744
-71.42095990597191, 42.427293788647084
-71.420958831517, 42.42729396571369
-71.42095707746107, 42.42729475259421
-71.42095575062109, 42.42729522793644
-71.42095460863197, 42.42729564599913
-71.4209529893012, 42.42729643693781
-71.42095207084512, 42.4272967449006
-71.4209509996994, 42.42729718046873
-71.4209496093284, 42.42729761361249
-71.42094840338163, 42.42729797267654
-71.42094687751059, 42.42729864274976
-71.42094596867808, 42.42729886154491
-71.42094517497557, 42.4272990383889
-71.42094405374174, 42.427299528797974
-71.42094323548518, 42.427299855934386
-71.42094186173648, 42.42730029598023
-71.42094048032783, 42.427300776448355
-71.42093919558536, 42.42730124779468
-71.42093818429831, 42.42730154674078
-71.42093743086609, 42.427301693394284
-71.42093645278645, 42.42730205279304
-71.42093574062318, 42.427302241374626
-71.42093508286634, 42.42730242321178
-71.42093495149872, 42.42730225450372
-71.42093452001937, 42.427302323718514
-71.42093388725048, 42.427302566735754
-71.42093268059462, 42.427303150424805
-71.42093145478609, 42.42730337339006
-71.4209298073521, 42.42730397022181
-71.42092890270354, 42.427304065294486
-71.42092799485246, 42.42730422732377
-71.42092676602, 42.427304664632935
-71.42092647722147, 42.42730441501898
-71.42092497974862, 42.427304862593445
-71.4209233729284, 42.427305433511606
-71.42092201308897, 42.42730592621963
-71.42092116806869, 42.42730603616585
-71.42092034596914, 42.42730619437648
-71.42091937165375, 42.42730647588181
-71.42091772946415, 42.4273070359453
-71.42091584579155, 42.427307828823785
-71.42091471031834, 42.427308164547576
-71.42091374388092, 42.42730837417169
-71.42091250800449, 42.42730882865137
-71.42091157124288, 42.427309076417565
-71.42090999301688, 42.42730934952673
-71.4209086409598, 42.427309548480615
-71.42090741832743, 42.42730976308871
-71.42090647595683, 42.42730979612479
-71.42090557701705, 42.42730988141544
-71.42090458997056, 42.42731007342102
-71.42090320772282, 42.42731066847332
-71.42090215817984, 42.427310898835486
-71.42090066208915, 42.427311311166065
-71.42089894173736, 42.42731194698868
-71.42089799244825, 42.42731208582649
-71.42089658058829, 42.42731261263394
-71.4208957738766, 42.4273127521651
-71.42089565162547, 42.427312402225084
-71.42089460162069, 42.42731278520599
-71.42089381754155, 42.427313031319834
-71.42089347978637, 42.427312954158054
-71.42089291600311, 42.427313033608755
-71.42089192028219, 42.42731297003671
-71.42089110952715, 42.42731288327522
-71.4208905723111, 42.42731264511544
-71.42088972737604, 42.42731266708571
-71.42088892624895, 42.427312737329835
-71.4208882391719, 42.42731278556843
-71.4208864046582, 42.42731343507822
-71.42088487892434, 42.427313925511676
-71.4208834091397, 42.42731443805378
-71.42088214830873, 42.427314855631316
-71.42088140318161, 42.42731494172768
-71.42087977851082, 42.427315696412165
-71.42087875301108, 42.42731571650311
-71.4208769027694, 42.42731564149504
-71.4208750914954, 42.42731570036891
-71.42087361419672, 42.427315639303515
-71.42087213200116, 42.42731566727091
-71.42087087390979, 42.42731566631389
-71.4208701431306, 42.427315356626515
-71.42086931894694, 42.42731523002622
-71.42086827815639, 42.427315388331905
-71.42086649463288, 42.42731571730968
-71.42086500265849, 42.42731596114292
-71.42086310001739, 42.42731665109692
-71.4208617618569, 42.42731695595046
-71.42086057822569, 42.42731718883407
-71.42085911877825, 42.42731767012128
-71.42085808818642, 42.427317950012956
-71.42085720024102, 42.42731820474206
-71.42085589068736, 42.427318572153204
-71.42085389327235, 42.42731941743753
-71.42085288778824, 42.42731953489168
-71.42085223614146, 42.42731947723713
-71.42085143253085, 42.42731957521962
-71.42085042229014, 42.42731988561283
-71.42084954672796, 42.42732014081147
-71.42084869883676, 42.42732040524769
-71.4208480346197, 42.4273205834078
-71.42084736315385, 42.42732078494936
-71.42084624585108, 42.42732135418758
-71.42084571148152, 42.427321515126614
-71.42084501592834, 42.42732165837864
-71.4208440634159, 42.4273218914466
-71.42084314726918, 42.427322128810914
-71.42084222495818, 42.42732242892399
-71.4208414047229, 42.427322678792045
-71.42084006584705, 42.42732335210184
-71.42083898759547, 42.427323702279296
-71.42083709785709, 42.42732435230214
-71.42083580334943, 42.42732460757796
-71.4208345669832, 42.427324902356176
-71.42083406690617, 42.42732470927337
-71.42083272321415, 42.42732519655845
-71.42083192987745, 42.42732533284889
-71.42083059232834, 42.427325837474996
-71.42082925635201, 42.427326412574814
-71.42082815370419, 42.42732681103374
-71.4208275565123, 42.42732690811189
-71.42082646666508, 42.427327379488105
-71.42082541186151, 42.4273278767278
-71.4208239302011, 42.4273287081017
-71.42082308838008, 42.4273291173163
-71.42082176092448, 42.42732988239569
-71.42082036211876, 42.4273304057744
-71.42081908813978, 42.42733091106116
-71.42081812286276, 42.427331207325324
-71.42081779018353, 42.427331070368325
-71.42081685322985, 42.427331441762426
-71.42081521354146, 42.42733234884103
-71.42081432659904, 42.42733275724805
-71.42081334574989, 42.427333279507046
-71.42081258173847, 42.4273335354085
-71.4208113469848, 42.42733368402435
-71.42080990573014, 42.42733413087827
-71.42080878558865, 42.42733433944349
-71.42080788959501, 42.42733451212556
-71.42080710467572, 42.42733458250856
-71.42080742859498, 42.427333925098765
-71.42080785674621, 42.42733321345245
-71.42080824823893, 42.42733256273763
-71.42080857016606, 42.42733202765035
-71.42080890601129, 42.42733146942929
-71.42080918868243, 42.427330999590914
-71.42080945957004, 42.42733054933834
-71.42080970867147, 42.42733013529741
-71.42080993386642, 42.427329760992336
-71.42080919774558, 42.427329588744925
-71.42080797904111, 42.42732952015889
