long, lat
-71.42086252570152, 42.4273123538726
-71.42085705264716, 42.42730484317308
-71.42086277693069, 42.42731258990727
-71.42086531423135, 42.427316727098685
-71.4208668443303, 42.427317989551746
-71.42086759542649, 42.427318439294346
-71.42086776226397, 42.42731867434452
-71.42086802156562, 42.427318626090106
-71.42086805883109, 42.42731865166584
-71.42086798323523, 42.42731872948818
-71.42086805526353, 42.427318684101174
-71.42086802403955, 42.427318710433696
-71.42086799602123, 42.42731873229535
-71.42086814203388, 42.42731862499024
-71.42086803676364, 42.42731870286825
-71.42086796380975, 42.4273187567883
-71.42086808274622, 42.42731866902277
-71.42086814041936, 42.42731862646271
-71.42086808651558, 42.42731866625464
-71.4208680962408, 42.42731865907772
-71.42086794279683, 42.42731877234047
-71.42086802355286, 42.427318712731946
-71.42086801507071, 42.42731871899299
-71.42086807576608, 42.427318674191724
-71.42086802246492, 42.42731871353514
-71.42086791243902, 42.427318794748984
-71.42086796003264, 42.42731875961852
-71.42086789699945, 42.42731880614546
-71.420868115533, 42.427318644838444
-71.42086751140182, 42.4273190907681
-71.4208677672984, 42.4273189018822
-71.4208678538429, 42.42731883800076
-71.42086798031889, 42.42731874464456
-71.42086808448659, 42.427318667754854
-71.42086804922998, 42.42731869377895
-71.42086771370194, 42.42731894144355
-71.42086796303184, 42.42731875740471
-71.42086793801455, 42.42731877587082
-71.42086795992161, 42.427318759700476
-71.42086788915984, 42.42731881193214
-71.42086783829828, 42.42731884947478
-71.42086812398951, 42.42731863859641
-71.42086808346153, 42.42731866851148
-71.42086802074894, 42.42731871480176
-71.42085816389509, 42.42731864613588
-71.42085350311103, 42.42731838613491
-71.42085159999753, 42.427318330974416
-71.4208509745605, 42.42731823504225
-71.42085037829598, 42.42731846159481
-71.42085050998114, 42.42731828111174
-71.4208503257759, 42.4273183860175
-71.42084682248147, 42.42731804787395
-71.42084406704183, 42.42731838910076
-71.42084367080759, 42.427317979541264
-71.42084335421288, 42.42731796348604
-71.42084342009983, 42.427317813753795
-71.42084312070693, 42.42731799727359
-71.420842975256, 42.4273180904821
-71.42083716348581, 42.42731785663663
-71.42083157831, 42.42731787545909
-71.42082965060384, 42.42731774001502
-71.42082877691571, 42.427317777411794
-71.42082843564299, 42.42731779297881
-71.42082832888507, 42.4273177850776
-71.42082828945937, 42.42731777856104
-71.42082795103673, 42.427318015756924
-71.42082793648056, 42.427318021611654
-71.4208234287603, 42.427319479669784
-71.42082134927482, 42.42732028359939
-71.42082054450736, 42.42732058650509
-71.42082028302384, 42.42732066549174
-71.42082019279962, 42.42732068997764
-71.42082003812229, 42.42732078767692
-71.42081981535017, 42.42732094610441
-71.42081732887975, 42.42731989375003
-71.42081454777863, 42.42731872845466
-71.42081350084557, 42.42731824107361
-71.42081314851903, 42.42731803466653
-71.42081286658453, 42.42731806400294
-71.4208131955632, 42.42731774914083
-71.42081326733836, 42.427317670212894
-71.42081317514868, 42.42731772769087
-71.42081288152909, 42.42731794058158
-71.42081333546251, 42.42731760391095
-71.4208132436565, 42.42731767109937
-71.42081303546306, 42.42731782454588
-71.42081318328712, 42.427317715346305
-71.42080524634999, 42.42731788672954
-71.42080024130951, 42.427318151311496
-71.42079881646048, 42.42731793161537
-71.42079827312122, 42.42731781517314
-71.4207981678463, 42.42731770487609
-71.42079789894706, 42.42731782572861
-71.42079353002671, 42.4273182475259
-71.4207916258825, 42.427317850436566
-71.42079074074162, 42.427317858859524
-71.4207903400203, 42.42731790346261
-71.42079029575225, 42.427317835487564
-71.42078874753908, 42.42731780497004
-71.42078024455918, 42.42731781400372
-71.42077701309199, 42.42731781129835
-71.42077596053042, 42.42731769862783
-71.42077535970374, 42.4273177784223
-71.420775076708, 42.42731785272045
-71.42077529641861, 42.42731764024221
-71.4207716157476, 42.42731774989345
-71.42076921404069, 42.42731762650913
-71.42076834464046, 42.42731756178448
-71.4207678521404, 42.42731765187095
-71.42076772787578, 42.427317638223855
-71.42076767326232, 42.427317638059286
-71.42076740944965, 42.427317817246895
-71.42076728062428, 42.42731790657549
-71.42076747504639, 42.427317760703275
-71.42076728957403, 42.42731789658616
-71.42075976021951, 42.42731663598096
-71.4207551859443, 42.42731552595176
-71.42075349547021, 42.42731513675279
-71.4207530272281, 42.42731483562184
-71.42075280554798, 42.42731476251048
-71.42075260300237, 42.42731481726509
-71.42075243933832, 42.42731490340955
-71.42075260135618, 42.42731476912466
-71.42075250138714, 42.42731483769699
-71.42075244745632, 42.427314875471346
-71.42075258345491, 42.42731477430615
-71.42075244679172, 42.4273148748845
-71.42074827286804, 42.4273148421927
-71.42074649335333, 42.42731462987959
-71.42074554139474, 42.427314715769555
-71.42074511031598, 42.42731480860946
-71.4207452050835, 42.42731464455166
-71.42074496655616, 42.42731478719081
-71.42074495684763, 42.427314780867874
-71.42074204932334, 42.427314232046044
-71.4207341840391, 42.427312904745975
-71.42073141134284, 42.427312328880355
-71.42073013559374, 42.42731228325124
-71.42072995634251, 42.427312015399906
-71.420729685747, 42.42731206739904
-71.4207276933263, 42.42731120919399
-71.42072420651239, 42.42730994064715
-71.42072301530237, 42.427309304458234
-71.42072262129457, 42.42730905298856
-71.42072253172887, 42.42730888697855
-71.42072238242484, 42.42730891304422
-71.42072227747786, 42.42730895931604
-71.42071756250516, 42.4273073402809
-71.4207157225608, 42.427306509427936
-71.42071499440114, 42.42730626075913
-71.42071475797857, 42.4273061150837
-71.42071472514164, 42.42730602443091
-71.42071463929807, 42.42730603978805
-71.42071444609734, 42.427306165501136
-71.42070977430934, 42.42730645571253
-71.42070325787464, 42.42730622089709
-71.42070074145603, 42.4273061713503
-71.42069975725389, 42.42730618328655
-71.42069933802699, 42.4273062260025
-71.42069920096108, 42.42730622585323
-71.4206991095948, 42.42730625387818
-71.42069916140983, 42.42730619998962
-71.42069912112768, 42.427306224091325
-71.4206991411288, 42.42730620705787
-71.42069889337675, 42.42730333786828
-71.42069865768703, 42.427301695428575
-71.42069840330883, 42.42730116308306
-71.42069843618842, 42.42730085726279
-71.42069833522369, 42.427300824117935
-71.42069850316598, 42.42730066031319
-71.42069345117133, 42.427298944863054
-71.42069177204725, 42.42729814735307
-71.42069114582243, 42.42729785063442
-71.42069073828868, 42.427297839414045
-71.42069062558221, 42.42729781005827
-71.42069073920784, 42.42729768075434
-71.4206907709302, 42.42729764111967
-71.42069053749918, 42.42729780719132
-71.42068576419996, 42.42729604168336
-71.42068356818316, 42.42729549627549
-71.42068293370136, 42.427295181770205
-71.42068234280103, 42.42729530264962
-71.42068252086996, 42.42729504544967
-71.42068248116607, 42.427295031003304
-71.42068241740085, 42.42729506096815
-71.42067364849494, 42.42729335194919
-71.42066941141536, 42.42729264656298
-71.42066800323089, 42.4272922591147
-71.4206673302918, 42.42729218072394
-71.4206668227941, 42.42729234265961
-71.420666913943, 42.427292194981206
-71.42066684585626, 42.427292213913226
-71.4206653090366, 42.42729152889395
-71.42066148763637, 42.427289876100765
-71.42065993851655, 42.42728945512707
-71.42065940034026, 42.42728926509343
-71.42065922854407, 42.4272891589691
-71.42065892774359, 42.42728929322075
-71.42065902782949, 42.42728918349331
-71.42065912248633, 42.42728910078754
-71.42065922628376, 42.4272890189192
-71.4206590411228, 42.42728915370429
-71.4206593562607, 42.42728892029791
-71.42065903619905, 42.42728915625878
-71.42065896807426, 42.427289206433166
-71.4206562729258, 42.42728822104168
-71.42065262157148, 42.42728731017852
-71.42064561348738, 42.42728815614946
-71.42063443327278, 42.427289377152775
-71.42063049050651, 42.42728896878241
-71.42063264980028, 42.427286170578164
-71.42063452425526, 42.42728432142103
-71.42063529204533, 42.42728358073043
-71.42063552378669, 42.427283342472315
-71.4206357264836, 42.42728316569324
-71.42063573728254, 42.42728314793917
-71.42063590083369, 42.4272830231039
-71.42063593065946, 42.42728299961492
-71.42063588594671, 42.42728303202553
-71.42063587965335, 42.42728303645295
-71.42063582538385, 42.42728307642376
-71.42063587077982, 42.42728304288289
-71.42063581326103, 42.42728308532649
-71.42063579536838, 42.42728309852874
-71.42063567772952, 42.42728318535963
-71.42063549289591, 42.427283321790156
-71.42063560043101, 42.42728324241498
-71.42063558217744, 42.4272832558884
-71.42063554596108, 42.427283282620735
-71.42063566120407, 42.42728319755637
-71.42063552177508, 42.427283300473114
-71.42063506016322, 42.42728296808835
-71.42063504877986, 42.42728129956091
-71.42063517604048, 42.42728058812396
-71.42063514035392, 42.42728039291071
-71.42063483857788, 42.42728052770067
-71.42063502824143, 42.427280353971334
-71.42063473137662, 42.42728056100075
-71.42063493183302, 42.42728040815464
-71.42063461202534, 42.427280642146
-71.4206299449233, 42.42727850882032
-71.42062815328195, 42.42727782981082
-71.42062740201268, 42.4272775686565
-71.4206271455494, 42.42727745345389
-71.42062695477564, 42.42727747661483
-71.42062690109289, 42.42727747067702
-71.4206269462018, 42.42727742077435
-71.42062682278731, 42.42727750507066
-71.42062693566912, 42.427277419190744
-71.42062689342579, 42.427277449423826
-71.42062701933658, 42.42727735609586
-71.42062693271787, 42.42727741989197
-71.42062218630129, 42.4272728776584
-71.42061943353423, 42.4272702271561
-71.42061835124824, 42.427269080775766
-71.4206178346823, 42.42726875659261
-71.42061761178104, 42.42726864521036
-71.4206175933661, 42.42726855054529
-71.42061757371116, 42.42726852570766
-71.42061711726102, 42.42726664195783
-71.42061683268635, 42.42726604496532
-71.42061678639851, 42.42726575406888
-71.42061681881609, 42.427265603515714
-71.42061671802394, 42.42726563216039
-71.42061663816393, 42.427265671904465
-71.42060838430292, 42.42726264071011
-71.42060363360919, 42.42726082372217
-71.42060164772663, 42.42726005291218
-71.42060099060409, 42.427259741358746
-71.42060062142555, 42.42725968714913
-71.42060038960247, 42.427259738515296
-71.42060042463078, 42.4272596659784
-71.42060021978179, 42.4272598000789
-71.4205985278228, 42.427259212621756
-71.42059448223381, 42.427257704487374
-71.42059296489916, 42.42725714230238
-71.42059250567523, 42.427256872962595
-71.4205921760866, 42.4272568674231
-71.42059220658375, 42.42725675088049
-71.420592186955, 42.42725673084667
-71.42058682416499, 42.42725320472479
-71.42058470198347, 42.4272515149376
-71.42058378639838, 42.42725099553358
-71.42058354766236, 42.42725071483916
-71.42058346956026, 42.42725059113138
-71.42058347071575, 42.427250522823044
-71.42058350688514, 42.42725046886235
-71.42058344649192, 42.42725050330549
-71.4205833717311, 42.42725055436184
-71.42058347681605, 42.427250475287856
-71.4205834369278, 42.427250504142
-71.42057935314617, 42.42724766648543
-71.4205764436733, 42.42724564437288
-71.42057529455614, 42.42724481522883
-71.42057490612092, 42.427244471800705
-71.42057470865784, 42.427244362683034
-71.42057467968749, 42.4272442916992
-71.42057462893078, 42.42724429215903
-71.42056718942528, 42.42724150716596
-71.4205617470125, 42.42723948448899
-71.42055965322315, 42.42723865901521
-71.42055886807827, 42.42723835080413
-71.42055859296983, 42.42723821125002
-71.42055848745414, 42.427238150326005
-71.42055843831405, 42.42723813657298
-71.4205584652353, 42.42723809523722
-71.42055844704748, 42.42723810124361
-71.42055844178662, 42.42723810227203
-71.42055677689517, 42.42723747708412
-71.42055264055851, 42.42723593968436
-71.42055123113762, 42.42723540229727
-71.42055065330105, 42.42723516916283
-71.42055044850723, 42.42723508944098
-71.42055038068168, 42.427235043225025
-71.42055039427561, 42.42723499819985
-71.420550398129, 42.42723498158244
-71.42055042501468, 42.427234956564405
-71.42054421131921, 42.42722907850423
-71.42054192558797, 42.427226908552434
-71.42054110687435, 42.42722609051649
-71.42054082930137, 42.427225736985825
-71.42054072300151, 42.42722560106963
-71.42054068882561, 42.42722554306777
-71.4205407456074, 42.42722547076291
-71.4205407068506, 42.427225487056326
-71.420540897108, 42.42722534146016
-71.4205401943992, 42.42722347022966
-71.42053997712634, 42.427222754886344
-71.42053989283927, 42.42722245683497
-71.42053986481191, 42.42722234911665
-71.42053989226406, 42.42722227529288
-71.42053988812938, 42.42722225928736
-71.420539929391, 42.427222221177594
-71.42053994600181, 42.42722220598554
-71.42053998685749, 42.42722217472251
-71.42054004840844, 42.42722212885521
-71.42054009878757, 42.42722209150381
-71.42053827392022, 42.42722095941843
-71.42053385690176, 42.42721768506895
-71.42053211360655, 42.427216552491856
-71.42053133007093, 42.427216172265865
-71.42053107127045, 42.42721601060617
-71.42053098378213, 42.42721594178149
-71.4205304574443, 42.42721397614253
-71.42053020447912, 42.42721316828873
-71.42053015103933, 42.427212821648574
-71.42053007637887, 42.427212721247315
-71.420530025466, 42.42721270264642
-71.42053002737137, 42.427212677838895
-71.42053007649127, 42.42721263312549
-71.42053020799109, 42.42721253283404
-71.42053025757876, 42.427212494964046
-71.42053009090206, 42.427212617512765
-71.42053008537884, 42.42721262140186
-71.42053001605272, 42.42721267250035
-71.42053011207315, 42.427212601597674
-71.42053036248959, 42.42721241674801
-71.42052982205381, 42.42721077261727
-71.42052952568442, 42.427209828233345
-71.42052918508534, 42.42720963204639
-71.4205291733842, 42.427209477016355
-71.42052936679802, 42.42720927059379
-71.42052924533748, 42.42720933458079
-71.42052987259541, 42.42720886271589
-71.42052970024108, 42.427208985989
-71.42053027569922, 42.42720855966095
-71.42053421328477, 42.42720527543236
-71.42053282354516, 42.42720409074088
-71.42053003585205, 42.42720532164333
-71.42052895712119, 42.42720578681834
-71.42052865559998, 42.42720588408588
-71.42052845142564, 42.42720598856311
-71.42052838566516, 42.42720601956387
-71.42052850962197, 42.427205920916165
-71.42052845322085, 42.42720595892494
-71.42052839230695, 42.42720600268916
-71.42052840162559, 42.427205995330624
-71.42052834324994, 42.42720603823832
-71.4205283563798, 42.427206028476874
-71.42052828655885, 42.427206079986576
-71.4205283589604, 42.42720602653459
-71.42052842536096, 42.42720597751852
-71.42052856276162, 42.427205876097545
-71.42052838393258, 42.42720600809574
-71.42052849009902, 42.4272059297309
-71.42052847079626, 42.42720594397875
-71.42052852443204, 42.42720590438855
-71.42052855430225, 42.427205882340466
-71.42052852875248, 42.427205901199486
-71.42052853870536, 42.427205893852985
-71.42052844053744, 42.427205966313586
-71.42052854573903, 42.42720588866122
-71.42052851645424, 42.42720591027718
-71.4205285640409, 42.42720587515208
-71.42052884755783, 42.42720566587992
-71.42052871991551, 42.427205760096456
-71.42052864875099, 42.42720581262507
-71.42052853087799, 42.427205899630586
-71.42052858786809, 42.42720585756452
-71.42052844835594, 42.427205960542516
-71.42052857797042, 42.42720586487028
-71.42053237462802, 42.42720373995205
-71.420534375186, 42.42720255715658
-71.42053485585959, 42.427202316749444
-71.42053506386688, 42.42720220638718
-71.42053498236136, 42.427202283143835
-71.42053492989666, 42.4272023285062
-71.4205349009726, 42.427202352239576
-71.42053504034513, 42.427202250354284
-71.42053556370101, 42.42720186442583
-71.4205353563053, 42.427202017647225
-71.42053529235547, 42.427202064900854
-71.42053481571358, 42.427200743345665
-71.42053421814943, 42.42719974895231
-71.42053416131722, 42.427199236257756
-71.42053422216486, 42.4271989736596
-71.42053430046417, 42.427198833428015
-71.42053438210071, 42.42719874351182
-71.42053835679026, 42.427198620732824
-71.42054025189434, 42.42719863364922
-71.4205416825126, 42.427198099981446
-71.42054161110715, 42.42719835036152
-71.42054151808637, 42.427198494834016
-71.42054142401425, 42.42719859359323
-71.42054125130119, 42.42719873222942
-71.42054125821925, 42.42719873146014
-71.42054116130086, 42.42719880462159
-71.42054108433373, 42.42719886210563
-71.42054141067497, 42.42719862146601
-71.42054122677467, 42.427198757299834
-71.42054134967157, 42.42719866662418
-71.42054153520633, 42.427198529689484
-71.42054146135524, 42.42719858420655
-71.42054153525189, 42.4271985296633
-71.42054136089469, 42.42719865836229
-71.4205410814208, 42.42719778132002
-71.42054071335079, 42.42719623965985
-71.420540564226, 42.427195631283254
-71.42054038917753, 42.42719548630932
-71.42054058091986, 42.427195242382396
-71.42054079002253, 42.42719504996041
-71.42054426886754, 42.42719509767119
-71.42054663407865, 42.4271948370952
-71.42054814808259, 42.42719428492032
-71.42054786099804, 42.42719228830108
-71.42054724002621, 42.427191803006245
-71.4205472310376, 42.4271914464956
-71.42054694877588, 42.42719151244385
-71.42054687222796, 42.427191515219725
-71.42054705620721, 42.42719135855256
-71.42054727217334, 42.4271911912852
-71.42054720988212, 42.42719123412858
-71.42054706370965, 42.4271913408496
-71.42054825286269, 42.427190625974404
-71.42055132550192, 42.42718878960078
-71.42055242157802, 42.42718814887419
-71.42055284048818, 42.42718790504964
-71.4205530942794, 42.427187742067886
-71.42055336122073, 42.42718755396613
-71.42055323011041, 42.42718765476227
-71.42055320258528, 42.42718767659684
-71.4205531268013, 42.42718773311712
-71.42055317220776, 42.42718769981972
-71.4205531998092, 42.42718767952882
-71.4205534923371, 42.42718746363668
-71.42055327724259, 42.427187622418344
-71.42055312616507, 42.42718773393856
-71.42055311754753, 42.42718774030144
-71.4205530456715, 42.42718779335605
-71.42055321924018, 42.4271876652401
-71.42055331575784, 42.42718759399763
-71.42055320819314, 42.42718767339441
-71.42055341159563, 42.42718752325696
-71.42055330771822, 42.42718759993199
-71.42055314731519, 42.42718771833027
-71.42055315878957, 42.427187709860696
-71.42055294952179, 42.42718786432749
-71.42055311597645, 42.42718774146235
-71.42055311587153, 42.4271877415398
-71.42055709314549, 42.42718526713283
-71.4205585812605, 42.42718437286261
-71.42055935248064, 42.42718388112072
-71.42055953076876, 42.42718377874868
-71.42055970580077, 42.427183661139054
-71.42055940783357, 42.42718388554875
-71.42055930832059, 42.42718396065203
-71.42055939223762, 42.42718389935978
-71.42055949443588, 42.427183824178826
-71.42055911010974, 42.42718224276978
-71.42055866396487, 42.42718113663693
-71.42055892588932, 42.42718038981117
-71.42055881590197, 42.42718026319329
-71.42055872259772, 42.42718025662979
-71.42056141991661, 42.4271799440729
-71.42056416726327, 42.42717988013119
-71.42056533744032, 42.427179765080766
-71.42056552231419, 42.42717991569495
-71.42056577258838, 42.42717984010184
-71.42056566537714, 42.42717995867247
-71.42056596868953, 42.42717975000663
-71.420565333976, 42.427177537722656
-71.42056521981321, 42.427176671625716
-71.42056497927763, 42.42717648704705
-71.4205648042094, 42.42717648423454
-71.42056526797734, 42.42717608844017
-71.42056494544553, 42.427176305983224
-71.42056490258, 42.427176330029724
-71.42056491371939, 42.427176318874935
-71.420565152676, 42.42717614135628
-71.42056517833652, 42.42717612197783
-71.42056534334456, 42.42717600000837
-71.42056535786138, 42.42717598922782
-71.42056511108763, 42.42717617135454
-71.42056945823855, 42.427175834119204
-71.42057106798465, 42.42717589693525
-71.42057183354014, 42.427175793266066
-71.42057232677018, 42.42717560492972
-71.42057221422401, 42.42717496124667
-71.42057155969403, 42.427173374453744
-71.4205714507739, 42.427172617250925
-71.42057122454347, 42.42717247302242
-71.42057172233602, 42.42717198239702
-71.42057187640104, 42.427171823311745
-71.42057191722164, 42.427171775251026
-71.42057142753008, 42.42717212987461
-71.42057150831896, 42.42717206768773
-71.42057135598758, 42.42717217916717
-71.42057186465979, 42.42717180334972
-71.42057358105532, 42.42717070200355
-71.42057647895861, 42.427168811604105
-71.4205773584259, 42.42716824914662
-71.4205775426438, 42.42716814616494
-71.4205777715586, 42.42716799006473
-71.42057792835756, 42.42716787934133
-71.42057783869578, 42.42716794743172
-71.42057793456733, 42.4271678774264
-71.42057782211735, 42.4271679606999
-71.42057783058314, 42.42716795456489
-71.42057762030399, 42.42716810982077
-71.42057820315202, 42.427167679618826
-71.42057826832631, 42.427167631517754
-71.420578131555, 42.42716773247514
-71.42057838949802, 42.427167542080404
-71.42057780021305, 42.427167977050004
-71.42057796792241, 42.42716785325875
-71.42057953432199, 42.427166832318775
-71.4205824113882, 42.42716493341426
-71.42058357642651, 42.42716416071902
-71.42058428508464, 42.42716367057454
-71.42058449056113, 42.42716353131729
-71.42058454607304, 42.42716349490922
-71.42058452419867, 42.42716351300259
-71.42058427942573, 42.42716369446853
-71.42058432384047, 42.427163661993916
-71.42058479485719, 42.42716331443695
-71.4205844577564, 42.42716356330704
-71.42058461080444, 42.42716345035389
-71.42058444825774, 42.42716357034115
-71.42058452720887, 42.427163512067985
-71.42058448521492, 42.427163543066136
-71.42058444240654, 42.42716357466476
-71.42058444025591, 42.42716357625236
-71.42058432709035, 42.427163659783396
-71.42058431514364, 42.427163668601665
-71.42058429456898, 42.427163683788464
-71.42058429007143, 42.42716368710825
-71.42058641895952, 42.42716223546809
-71.42058913032308, 42.4271604408863
-71.42059034650866, 42.42715962088582
-71.42059075639101, 42.42715934848862
-71.42059089093905, 42.42715926123722
-71.42059071899439, 42.427159392485585
-71.42059129511904, 42.42715896896142
-71.420591175263, 42.42715905807612
-71.42059134989259, 42.42715892944424
-71.42059117889595, 42.42715905576204
-71.42059108011665, 42.42715912871209
-71.4205909200736, 42.42715924685921
-71.42059117624801, 42.42715905777435
-71.42059121349621, 42.427159030282475
-71.42059100586525, 42.42715918354213
-71.42059149148234, 42.42715882509342
-71.42059506627847, 42.4271564195196
-71.42059651871662, 42.427155459895445
-71.42059724457418, 42.427154966984965
-71.42059751649215, 42.427154783284934
-71.42059733790795, 42.42715492155623
-71.42059773752202, 42.427154628920135
-71.42059768582406, 42.4271546679794
-71.42060058922029, 42.427154514920176
-71.42060311834588, 42.427154329235506
-71.42060445274487, 42.42715400378553
-71.42060509962515, 42.427153773848495
-71.42060519170786, 42.42715380064364
-71.42060552966079, 42.427153587117346
-71.42060514028225, 42.427153888693326
-71.42060509308936, 42.42715392885588
-71.42060494716738, 42.42715321720331
-71.42060462861338, 42.427151250743066
-71.42060436903597, 42.427150641638114
-71.42060431821214, 42.427150359977894
-71.42060423407827, 42.42715029886462
-71.42060713054673, 42.42714999583546
-71.42061009791215, 42.42714952148653
-71.42061116778, 42.42714940512572
-71.42061148939287, 42.42714942425671
-71.42061178369745, 42.42714930786922
-71.42061160197693, 42.42714714414064
-71.42061127010278, 42.42714615526405
-71.42061087927232, 42.42714597639262
-71.42061085431148, 42.42714582025326
-71.4206109147938, 42.427145707415086
-71.42061093605321, 42.427145667045195
-71.42061359613344, 42.42714537193826
-71.42061662898173, 42.42714500173212
-71.4206176436696, 42.427144979953916
-71.42061858516178, 42.42714454714497
-71.4206183689128, 42.42714481160131
-71.42062105580484, 42.42714412592601
-71.4206241896928, 42.42714398348732
-71.42062527546263, 42.42714397578204
-71.42062563750322, 42.42714403596824
-71.42062611009992, 42.427143808481006
-71.42062625591234, 42.42714374598315
-71.42062628397535, 42.427143742739354
-71.4206262575362, 42.42714376882336
-71.42062606817358, 42.42714391119478
-71.42062632572284, 42.42714372207557
-71.4206263961792, 42.42714367044182
-71.42062625688939, 42.42714377339666
-71.42062622682803, 42.427143795638145
-71.42062624796476, 42.42714378005831
-71.42063040013797, 42.427140939587794
-71.4206319873125, 42.42713986817025
-71.42063270687393, 42.42713937347681
-71.42063320148681, 42.42713902290872
-71.42063315611857, 42.427139062137805
-71.42063361292635, 42.42713872708727
-71.42063343107708, 42.42713886213657
-71.4206332973375, 42.42713896115282
-71.42063346941035, 42.427138834262834
-71.42063326603423, 42.42713898442839
-71.42063331105905, 42.42713895121087
-71.42063311356304, 42.427139096995624
-71.42063517419768, 42.4271385460069
-71.42063880923003, 42.42713827512742
-71.42064020719661, 42.42713808223385
-71.42064074281575, 42.427138009777245
-71.42064081729069, 42.427138075268644
-71.42064122405446, 42.42713782206924
-71.42064126680208, 42.42713780787123
-71.42064157104934, 42.427136673708766
-71.42064102572725, 42.42713491764691
-71.4206410268416, 42.42713413480416
-71.42064079297673, 42.427134019443315
-71.42064077355826, 42.42713392653902
-71.42064057898585, 42.427134027245316
-71.42064036151629, 42.42713417140235
-71.42064039586872, 42.42713413990589
-71.4206427398063, 42.42713367868989
-71.42064614436954, 42.42713331169272
-71.42064755814518, 42.427133100208124
-71.42064804581022, 42.42713306095099
-71.4206483180027, 42.427132983273786
-71.42064864843971, 42.42713278704314
-71.42064870727852, 42.42713276183129
-71.42064851792678, 42.42713290858543
-71.42064828681899, 42.42713308172981
-71.42064857938442, 42.427132866782905
-71.4206487290226, 42.427132756727104
-71.4206526552377, 42.42713013220243
-71.42065459246159, 42.42712884383821
-71.42065549618397, 42.42712822911358
-71.42065560478736, 42.42712817027244
-71.42065572392599, 42.42712809028713
-71.42065574966792, 42.427128074237025
-71.42065603116426, 42.42712786756177
-71.42065965275606, 42.42712747540907
-71.42066251475632, 42.42712695087459
-71.42066344332369, 42.42712686178596
-71.42066383401195, 42.42712681435913
-71.42066390700388, 42.42712684970325
-71.42066395405072, 42.42712684876551
-71.42066431108184, 42.427126597695114
-71.42066381026659, 42.42712493849894
-71.42066427746988, 42.42712320535933
-71.42066405445271, 42.427122851860446
-71.4206637677138, 42.427122863221534
-71.42066380361585, 42.4271227568959
-71.42066370931005, 42.4271227954304
-71.42066372953127, 42.42712276904915
-71.4206639986644, 42.42712256570513
-71.42066392013874, 42.42712262189037
-71.42066360443414, 42.42712285426697
-71.42066864448925, 42.42712225738748
-71.42067059850172, 42.4271219193917
-71.42067124889503, 42.42712185961521
-71.42067170874913, 42.4271216833724
-71.42067191525535, 42.42712159390329
-71.42067188850127, 42.42712163801374
-71.42067619519285, 42.42711887823524
-71.4206784531679, 42.42711741563736
-71.4206791163922, 42.427117010822954
-71.42067934808712, 42.42711687023893
-71.4206796081815, 42.427116690762986
-71.42067979041387, 42.4271165609201
-71.42068140437912, 42.42711632510944
-71.4206855454903, 42.42711578799068
-71.42068708188958, 42.427115633607436
-71.42068792698502, 42.42711537511651
-71.4206882816185, 42.42711526214968
-71.42068818535745, 42.427115390143705
-71.42068830301093, 42.4271153235273
-71.42068842707204, 42.42711523984086
-71.42069343696703, 42.42711216469436
-71.42069521316724, 42.42711106635026
-71.42069581449742, 42.42711070627942
-71.42069639985759, 42.42711030532374
-71.42069637399067, 42.42711033659609
-71.42069636748833, 42.427110346100854
-71.42069651800253, 42.42711023669797
-71.42070129124662, 42.42710966065777
-71.42070350832228, 42.42710940186893
-71.42070442248414, 42.4271093027783
-71.42070474954629, 42.42710927523785
-71.42070497531127, 42.42710918839085
-71.42070508847831, 42.42710913687106
-71.42070521530589, 42.42710905531194
-71.42070511415778, 42.427109134479956
-71.42070515537671, 42.42710910576325
-71.4207049634104, 42.42710924812784
-71.42070927748831, 42.427106687714215
-71.4207119234471, 42.42710510258449
-71.4207129733738, 42.42710448087821
-71.42071342895312, 42.4271042000817
-71.42071372898566, 42.42710399984129
-71.42071370666977, 42.42710402511308
-71.42071799249788, 42.427103322272416
-71.42072108876151, 42.427102902058415
-71.4207220794268, 42.42710287070238
-71.42072247082342, 42.42710286265045
-71.42072240878444, 42.427103015956625
-71.42072268384041, 42.42710285323205
-71.42072288905145, 42.427102717903715
-71.42072278779278, 42.427102798491575
-71.4207234205281, 42.42710233378198
-71.42072324146491, 42.42710246682277
-71.42072314914957, 42.42710253531358
-71.42072304773525, 42.42710261029603
-71.4207252514627, 42.427102105073544
-71.42072981054464, 42.42710148377741
-71.42073154443418, 42.4271012784683
-71.42073205441747, 42.42710130465703
-71.42073213647204, 42.427101398007856
-71.42073239483173, 42.42710126418888
-71.42073227239727, 42.42710137592551
-71.42073659772994, 42.42709899748204
-71.4207395371957, 42.427097383131226
-71.42074063525506, 42.427096789397524
-71.42074104132696, 42.4270965730597
-71.42074098993268, 42.42709664142017
-71.4207414931713, 42.42709628252919
-71.42074148665387, 42.42709629197752
-71.4207415449511, 42.42709625071229
-71.42074151097725, 42.427096276453355
-71.42074151131534, 42.4270962764679
-71.42074639152715, 42.427095917887705
-71.42074905196387, 42.42709552984325
-71.42074992236358, 42.427095555255725
-71.42075033781553, 42.427095487222154
-71.4207505289535, 42.42709543841945
-71.42075042068922, 42.42709555551988
-71.42075049248221, 42.42709551584204
-71.42075616911929, 42.427092544364776
-71.42075861084801, 42.427091270133715
-71.42075965203651, 42.42709069897942
-71.42076036531834, 42.42709025191837
-71.42076028041302, 42.4270903461511
-71.42076323352775, 42.4270889513079
-71.42076714737804, 42.42708698197493
-71.42076879183946, 42.42708612959591
-71.42076937798689, 42.42708583160562
-71.42076987539153, 42.42708551616663
-71.42076984859968, 42.42708555561858
-71.42076973104707, 42.427085649653016
-71.42076986348735, 42.42708555481391
-71.42077581168374, 42.42708496149786
-71.4207781163397, 42.427084860159965
-71.42077923033582, 42.42708463627313
-71.42077946326505, 42.42708468681658
-71.42077937392348, 42.4270848440083
-71.42078401631385, 42.42708250417682
-71.42078717018337, 42.42708117769167
-71.42078864707626, 42.42708045348439
-71.42078905448541, 42.427080300041965
-71.42078947226666, 42.427080045886875
-71.4207892995936, 42.42708019430714
-71.42078929985318, 42.42708020246048
-71.42078935178507, 42.42708016718183
-71.42078940274695, 42.427080130806274
-71.42078949665508, 42.42708006196448
-71.42078923553855, 42.42708025488248
-71.42079480113406, 42.42707983500801
-71.42079761376074, 42.42707958827619
-71.42079858132678, 42.42707959889783
-71.42079909720967, 42.427079490439795
-71.42079927298617, 42.42707946481936
-71.42079951897836, 42.42707932427251
-71.4208015158066, 42.42707843242588
-71.42080658602463, 42.42707619403212
-71.42080816294516, 42.42707560818316
-71.42080891191706, 42.427075265333066
-71.4208090940086, 42.42707521933987
-71.42080928935081, 42.42707510749315
-71.42080963350982, 42.42707486558664
-71.42080997989804, 42.427074614498316
-71.42081560208135, 42.427074698724276
-71.42081826963816, 42.42707444465842
-71.42081913112625, 42.42707444422989
-71.42081937908127, 42.4270745215788
-71.42081921051066, 42.42707474246462
-71.42081932963362, 42.42707469140137
-71.42081985072501, 42.427074320168174
-71.42082482688936, 42.42707221591346
-71.42082794926475, 42.42707100391468
-71.42082901175034, 42.42707062272744
-71.4208295680417, 42.42707037400344
-71.42082980063508, 42.4270702637707
-71.42082975378268, 42.42707032092779
-71.42082991173119, 42.42707021303091
-71.42083427239554, 42.427070016369484
-71.42083763743476, 42.427070135119145
-71.42083902837513, 42.42707014891863
-71.4208397272917, 42.42707001567416
-71.42083999568351, 42.42706996831164
-71.42083983061721, 42.427070149001274
-71.42084005232779, 42.427070007335125
-71.42084007313845, 42.42707000028242
-71.42083999455839, 42.427070061650305
-71.42084004278611, 42.42707002728674
-71.420840142182, 42.427069954395236
-71.42084518140946, 42.42706999019756
-71.4208481570176, 42.42707000684659
-71.42084938077548, 42.427070010963796
-71.42085054253049, 42.427069485307534
-71.4208505157722, 42.42706963203954
-71.42085011946938, 42.427069975632214
-71.42085377717764, 42.42706984801325
-71.4208580269204, 42.42706976380138
-71.42085986998103, 42.427069612047084
-71.4208603190178, 42.42706973354174
-71.42086068273593, 42.427069636204855
-71.42086060199671, 42.427069765321406
-71.42086345918483, 42.42706871214853
-71.42086816279352, 42.42706697879542
-71.42086981514531, 42.42706643455651
-71.4208707564343, 42.42706598760389
-71.42087101554574, 42.427065893933296
-71.42087076144861, 42.42706612064873
-71.42087118312402, 42.427065823164675
-71.42087239559659, 42.42706577926193
-71.42087784948941, 42.42706617421722
-71.42088013961266, 42.42706602094918
-71.42088062092047, 42.42706624534702
-71.42088116650615, 42.427066074040646
-71.42088119075511, 42.427066139935924
-71.42088119180245, 42.42706617476374
-71.4208815281866, 42.42706593891832
-71.42088155802777, 42.427065921758164
-71.42088694972186, 42.42706804116193
-71.4208900360186, 42.427069210407424
-71.42089125713667, 42.42706959297469
-71.42089166677032, 42.42706980676813
-71.42089167769102, 42.42706999486788
-71.4208918320784, 42.427069953806274
-71.42089176418136, 42.42707003359294
-71.42089180583574, 42.42707001412415
-71.42089154438979, 42.42707021125783
-71.42089182331183, 42.42707000705718
-71.42089448993197, 42.427070163439815
-71.42089964189122, 42.42706993708159
-71.42090138528658, 42.42707001812878
-71.42090184628817, 42.42707019610491
-71.42090200874743, 42.427070283846504
-71.42090548093822, 42.42707050621894
-71.42090965508885, 42.42707064580144
-71.42091139955431, 42.42707067163288
-71.42091187433222, 42.427070810987864
-71.42091255313132, 42.42707049502084
-71.42091370221546, 42.42707052560495
-71.42091928056034, 42.42707092071996
-71.42092110950188, 42.42707129359537
-71.42092177648902, 42.427071424174194
-71.42092214278725, 42.42707141402576
-71.42092262452282, 42.42707115570627
-71.42092260345702, 42.42707120670291
-71.42092258965569, 42.427071230784605
-71.42092864713321, 42.427071619491514
-71.4209312457746, 42.42707170792417
-71.42093179910196, 42.42707204000353
-71.42093218054039, 42.427072054265736
-71.42093228518475, 42.42707209161784
-71.42093253040197, 42.42707195144806
-71.4209327054071, 42.42707183814131
-71.42093654519111, 42.42707403109965
-71.42094036982196, 42.427075475600006
-71.42094152771566, 42.427076278199436
-71.42094205910543, 42.427076501863866
-71.42094271441817, 42.427076251809865
-71.42094240473071, 42.427076570034025
-71.42094230393992, 42.42707667949756
-71.42094241052955, 42.427076613993684
-71.4209427357061, 42.42707637932447
-71.42094270358321, 42.42707640518313
-71.42094744199248, 42.42707698817439
-71.4209503351013, 42.42707729345947
-71.42095154481689, 42.42707738331083
-71.42095202730962, 42.42707740262318
-71.42095234046474, 42.427077316680744
-71.4209521796987, 42.42707748971792
-71.4209569756392, 42.4270780810437
-71.42095997314964, 42.427078281959076
-71.42096115804308, 42.4270784086652
-71.42096187674484, 42.42707825005416
-71.42096191816037, 42.42707835674399
-71.4209618712598, 42.42707844728682
-71.42096977145138, 42.42707904332937
-71.42097708345544, 42.427079660141416
-71.4209794175707, 42.42708020408418
-71.4209802478277, 42.427080528771896
-71.42098073110633, 42.42708051600279
-71.42098097138114, 42.4270804669295
-71.42098102060685, 42.42708047828306
-71.42098281004671, 42.4270816032708
-71.42098767962464, 42.42708390140021
-71.42098918265498, 42.42708502507596
-71.42098971884715, 42.42708542919752
-71.42099001798613, 42.42708552870297
-71.4209900173271, 42.42708565114604
-71.4209901982505, 42.42708556287868
-71.420990248222, 42.42708554312337
-71.42099196898653, 42.42708591956948
-71.42099676429899, 42.42708633378208
-71.4209984011293, 42.4270866213813
-71.420998961645, 42.427086755885206
-71.42099935225757, 42.42708667854421
-71.42099936958911, 42.427086751936436
-71.42099936695467, 42.427086785893344
-71.42099954310721, 42.42708666811925
-71.42099967826752, 42.42708657312759
-71.42099969016964, 42.42708656618466
-71.42099984261021, 42.42708645437231
-71.42099971644645, 42.42708654777492
-71.42099943337959, 42.427086756819605
-71.42099955341791, 42.42708666825562
-71.42099967558114, 42.427086578098226
-71.42100415421532, 42.42708729021501
-71.42100670763227, 42.42708775933231
-71.42100774543266, 42.427087969855485
-71.42100817581259, 42.427088000483906
-71.4210083060804, 42.42708804637299
-71.42100831739647, 42.42708809195097
-71.42100831210281, 42.427088116272024
-71.42100836672512, 42.42708808400139
-71.4210083896835, 42.42708845211237
-71.4210082953744, 42.4270906521249
-71.42100830903966, 42.42709140620391
-71.42100824147539, 42.427091781613555
-71.42100822523301, 42.42709190870641
-71.42100833070099, 42.42709187781553
-71.42100832888079, 42.42709189651496
-71.42100830329177, 42.42709192218443
-71.42100842191368, 42.427091837223436
-71.42100846657983, 42.42709180522292
-71.42100838933922, 42.427091862627314
-71.42101251981559, 42.4270943842576
-71.421015390754, 42.427095976352085
-71.42101640464028, 42.42709668514269
-71.4210168347737, 42.42709690342958
-71.42101702138093, 42.4270969777436
-71.4210170912535, 42.427097006570165
-71.42101708695543, 42.42709704099442
-71.42101718875257, 42.42709697792136
-71.42101732880717, 42.42709687893321
-71.42101925571868, 42.42709836766338
-71.42102877180174, 42.42710645731608
-71.42103188169004, 42.42710944612326
-71.421033033137, 42.427110613133536
-71.4210335923753, 42.42711095896417
-71.42103362533443, 42.427111250224144
-71.42103377217258, 42.42711125249751
-71.42103374651128, 42.42711131640726
-71.42103379554418, 42.42711129683757
-71.42103394258012, 42.42711119484683
-71.42103386243261, 42.42711125646453
-71.42103385603701, 42.42711126216074
-71.4210339184101, 42.427111216487305
-71.42103388160447, 42.42711124379965
-71.42103400044452, 42.427111156133044
-71.4210469863926, 42.427121760465084
-71.42105344496, 42.42712713121577
-71.42105619840483, 42.42712900679255
-71.42105718619081, 42.427129774307666
-71.42105745208434, 42.427130135624495
-71.42106165827124, 42.42713482802908
-71.42106398029249, 42.42713726638775
-71.42106458562613, 42.42713840661264
-71.421067291751, 42.427141621048584
-71.42106990044252, 42.427145608131916
-71.42107120761094, 42.42714689309554
-71.42107141406808, 42.427147614040386
-71.42107167035712, 42.42714865683257
-71.42107112310359, 42.42715075017704
-71.42107077244219, 42.42715161799995
-71.42107069289733, 42.42715192970556
-71.42107071528588, 42.4271520106259
-71.42107071042754, 42.427152049741295
-71.42107093014165, 42.427151901135176
-71.42107468247852, 42.42715238945115
-71.42107681424487, 42.42715298439902
-71.42107787856716, 42.42715301665216
-71.42107804877732, 42.427153212652264
-71.4210781235269, 42.42715327529183
-71.42107834165303, 42.427153160108524
-71.42107857259086, 42.42715300668449
-71.42107847709492, 42.42715438923164
-71.42107810272176, 42.427155915483574
-71.42107782387717, 42.42715660468413
-71.42107756066318, 42.42715699045512
-71.42107746632081, 42.427157130744014
-71.42107752084047, 42.42715711741561
-71.42107750495072, 42.42715713998803
-71.42107745976483, 42.42715717736032
-71.42107751365411, 42.42715713922105
-71.42107746624416, 42.427157174826455
-71.42107746973201, 42.42715717248071
-71.42108102539171, 42.42715961791019
-71.42108315706847, 42.42716097969686
-71.42108407598067, 42.42716145704151
-71.42108433972109, 42.42716172511224
-71.42108463360759, 42.42716167723354
-71.42108478897288, 42.427161622565215
-71.42108426031577, 42.427163999767934
-71.42108430237256, 42.42716478592599
-71.42108404929816, 42.42716525613442
-71.42108370926992, 42.42716564039998
-71.42108360862136, 42.427165763652354
-71.42108354244911, 42.42716583132198
-71.421083533353, 42.427165845157994
-71.4210835388181, 42.427165844008556
-71.42108350060688, 42.42716587328178
-71.42108351909769, 42.42716586005666
-71.42108352539007, 42.427165855570536
-71.42108353991178, 42.4271658449135
-71.42108355518158, 42.42716583366699
-71.42108356971413, 42.427165822949014
-71.4210836311487, 42.427165777605225
-71.4210836702106, 42.42716574877347
-71.42108371219177, 42.42716571778604
-71.42108385590896, 42.42716561170291
-71.42108767892158, 42.427168473924894
-71.42108925500477, 42.427169704926435
-71.42108989931151, 42.427170210849475
-71.42109014570376, 42.42717039012958
-71.42109020328223, 42.427170489524556
-71.42109022375273, 42.42717052615827
-71.4210902186029, 42.42717055156734
-71.42108996244677, 42.42717180074246
-71.42108960307517, 42.42717334578933
-71.421089424749, 42.42717399530949
-71.42108935297624, 42.42717424588476
-71.42108930171163, 42.427174358059176
-71.42108927001007, 42.42717441150912
-71.42108926563023, 42.42717442528151
-71.42108901384003, 42.42717550729689
-71.42108864843566, 42.42717715903925
-71.42108842847722, 42.42717786355132
-71.4210884478063, 42.427178054669525
-71.42108843154232, 42.427178139694014
-71.42108841270111, 42.42717818439267
-71.42108840070529, 42.42717820407637
-71.42108837980106, 42.42717822368288
-71.42108833122937, 42.427178261241394
-71.42108790362217, 42.42718036230051
-71.42108768659844, 42.42718132929118
-71.42108759409302, 42.427181726151034
-71.42108755815089, 42.42718187046466
-71.42108739842635, 42.42718203651759
-71.42108745762783, 42.427182010774466
-71.42108747356569, 42.427182005628666
-71.42108746152111, 42.42718201726978
-71.421087361228, 42.42718209231854
-71.42108730473659, 42.42718213439472
-71.42108684163153, 42.42718428660048
-71.42108677724839, 42.42718509907185
-71.42108672596898, 42.4271854602667
-71.42108669197185, 42.427185599655076
-71.42108669255133, 42.42718564644628
-71.42108667890916, 42.42718567356187
-71.42108663595803, 42.42718571233329
-71.42108661019985, 42.42718573385072
-71.42108610216786, 42.42718804819367
-71.42108589260488, 42.42718889621555
-71.42108572151493, 42.42718928437978
-71.42108565849013, 42.42718943470283
-71.42108563311193, 42.42718949345642
-71.42108550344143, 42.42718960456288
-71.42108554561649, 42.42718957928514
-71.42108570612324, 42.42718946300292
-71.4210857817319, 42.42718940808081
-71.42108548431277, 42.427189932497335
-71.42108506479761, 42.42719194338494
-71.42108499718564, 42.42719263798617
-71.42108477971836, 42.42719303348313
-71.42108466929587, 42.427193207402155
-71.42108474115182, 42.42719318767622
-71.42108466684701, 42.42719325541615
-71.42108432523379, 42.4271946216903
-71.42108390045213, 42.42719612378499
-71.4210840286936, 42.427196468152324
-71.42108419755486, 42.4271965144619
-71.42108429152697, 42.427196509170315
-71.42108441865314, 42.42719644016258
-71.42108441165871, 42.4271964552797
-71.42108439884808, 42.42719646830625
-71.42108437237847, 42.427196489316586
-71.42108435330678, 42.427196503918914
-71.42108419916904, 42.4271966179148
-71.42108388867197, 42.42719684718838
-71.42108354921203, 42.42719709778751
-71.4210807147824, 42.42719813134971
-71.42107758535548, 42.42719916976635
-71.42107642046683, 42.427199551835464
-71.42107586873304, 42.427199777336206
-71.42107605820533, 42.42719956430508
-71.42107624263046, 42.42719940147545
-71.42107630722097, 42.42719934317562
-71.4210763429093, 42.42719931281185
-71.42107647318737, 42.427199215085444
-71.42107645049715, 42.42719923123349
-71.42107645242561, 42.42719922957195
-71.42107742444398, 42.42719851199795
-71.42107690396429, 42.42719889615203
-71.42107671449315, 42.42719903599504
-71.42107613852724, 42.42720089441205
-71.42107591383021, 42.42720202006451
-71.42107572624033, 42.42720253039361
-71.42107571249458, 42.42720267746494
-71.4210757831101, 42.42720267991464
-71.42107564912152, 42.42720279972157
-71.42107567358863, 42.42720278959661
-71.42107577741841, 42.427202716178755
-71.42107569052351, 42.42720278148371
-71.42107576679741, 42.427202725636825
-71.4210756212628, 42.42720315702633
-71.42107482730057, 42.42720543490984
-71.42107459713769, 42.427206173287836
-71.42107454652832, 42.42720644760396
-71.42107450794005, 42.427206560631866
-71.42107447448015, 42.427206619993164
-71.42107447294505, 42.427206634025545
-71.42107433342431, 42.427206742094775
-71.42107428183473, 42.42720678205475
-71.42107426136405, 42.427206797910834
-71.4210742537731, 42.427206803790604
-71.42107425072717, 42.42720680614989
-71.42107424961048, 42.42720680701485
-71.42107424915001, 42.427206807371526
-71.42107424898364, 42.42720680750039
-71.42107424891502, 42.42720680755354
-71.42107424889046, 42.42720680757256
-71.42107424888042, 42.42720680758034
-71.42107424887679, 42.42720680758313
-71.42107424887531, 42.4272068075843
-71.42107424887476, 42.42720680758471
-71.42107424887455, 42.427206807584874
-71.42107424887446, 42.42720680758493
-71.4210775006635, 42.4272089159604
-71.42107942380824, 42.42721016287731
-71.42108011208421, 42.42721072041815
-71.4210803418936, 42.42721095350674
-71.4210804290655, 42.42721104874158
-71.42108045701842, 42.427211087883045
-71.42108042595498, 42.4272111337803
-71.42108042375719, 42.42721114467359
-71.42108039217402, 42.42721117130108
-71.42107991369782, 42.42721299030514
-71.42107962913089, 42.42721405341952
-71.42107946134459, 42.427214516478706
-71.4210794769049, 42.427214633443164
-71.42107943520273, 42.42721471253995
-71.42107934581558, 42.42721479882121
-71.4210794272778, 42.42721474584704
-71.42107943399719, 42.42721474392297
-71.42107945028702, 42.42721473295558
-71.42107824989839, 42.427218959936
-71.42107778720283, 42.427220728506
-71.4210776431227, 42.427221371583904
-71.42107758610791, 42.42722162064173
-71.42107760189974, 42.427221692017675
-71.42107763806307, 42.42722169488451
-71.42107768707976, 42.427221670406425
-71.42107764655607, 42.427221705104664
-71.42107767661498, 42.42722168501988
-71.42107699137148, 42.42722428392505
-71.42107624174719, 42.42722698255101
-71.42107602943956, 42.42722795930834
-71.42107593753593, 42.4272283129718
-71.42107586237, 42.427228487233506
-71.42107587238186, 42.42722852200767
-71.42107581984847, 42.42722857839263
-71.42107579049124, 42.427228606350546
-71.42107579543064, 42.42722860536079
-71.42107577261277, 42.42722862313595
-71.42107571288155, 42.427228667616006
-71.42107563741354, 42.42722872346073
-71.4210757407638, 42.42722864723216
-71.42107222830911, 42.42723003556779
-71.42106935076816, 42.42723105112728
-71.42106812055717, 42.42723150258629
-71.42106768801587, 42.427231657478345
-71.42106746428234, 42.427231754516974
-71.42106745524092, 42.42723173578197
-71.42106745925467, 42.4272317231357
-71.4210639897116, 42.42723508518755
-71.4210599159238, 42.42723904734941
-71.4210582684415, 42.4272406477031
-71.4210576703392, 42.427241235812474
-71.42105743372633, 42.42724146492364
-71.42105735743057, 42.42724154304712
-71.42105728045777, 42.427241607680294
-71.42105146523352, 42.42724567067093
-71.42104940301823, 42.42724710863013
-71.42104859113826, 42.42724767546919
-71.42104835181644, 42.4272478393499
-71.421048208451, 42.427247940396605
-71.42104812548872, 42.42724799978612
-71.42104815325833, 42.42724797855081
-71.42104788020139, 42.42724817984556
-71.42104696703858, 42.42724881022956
-71.42104184248453, 42.427252364343246
-71.42104000604533, 42.42725364041774
-71.42103926396405, 42.427254156232905
-71.42103894647113, 42.42725437864611
-71.42103890340894, 42.42725440584804
-71.42103883274025, 42.42725445620145
-71.42103877757756, 42.427254496255166
-71.42103859984195, 42.4272546271963
-71.42103239109291, 42.42726050562548
-71.4210300263178, 42.427262781100865
-71.42102899415377, 42.42726374035618
-71.42102877339744, 42.427263979192894
-71.42102838323386, 42.42726429755316
-71.42102843683352, 42.42726426962473
-71.4210281915542, 42.427264455156084
-71.421026121555, 42.42726516796351
-71.42102239639956, 42.42726654647127
-71.42102106789584, 42.42726699249411
-71.42102029524106, 42.4272673591596
-71.42102022250162, 42.4272673348824
-71.4210199092178, 42.42726855135007
-71.4210192207898, 42.42726999928735
-71.4210188784893, 42.4272706072768
-71.4210190567091, 42.427270614822405
-71.4210187558088, 42.42727215789309
-71.42101848436546, 42.42727316425894
-71.42101855085693, 42.427273413835174
-71.42101863191454, 42.4272734786694
-71.42101870675408, 42.427273468209194
-71.42101869281106, 42.42727349691981
-71.42101860671411, 42.42727356705082
-71.42101549960778, 42.42727362154481
-71.42101294353124, 42.42727342879669
-71.42101197566313, 42.42727335032091
-71.42101150083415, 42.42727341362148
-71.42101115192368, 42.42727354933577
-71.4210112418021, 42.42727343826966
-71.4210112009814, 42.42727345128747
-71.42101110367338, 42.42727351684642
-71.4210109755984, 42.42727360887808
-71.42101095218645, 42.427273625094415
-71.42101035605597, 42.42727529255607
-71.42101029848168, 42.42727614959091
-71.42101013820735, 42.42727656238747
-71.42101012418895, 42.427276693576616
-71.421010271732, 42.42727662972006
-71.42100984409123, 42.42727696249007
-71.42101011923185, 42.427276766029635
-71.42101021926315, 42.42727669482903
-71.42101021714129, 42.42727669735919
-71.42101023510075, 42.42727668448253
-71.42100888750623, 42.42727660403281
-71.42100505179764, 42.42727664997383
-71.42100347579718, 42.427276730039566
-71.42100311247616, 42.42727659463722
-71.42100290140277, 42.42727660048385
-71.42100272036305, 42.42727667426832
-71.42100280631674, 42.427276588494735
-71.4210027282477, 42.42727663761557
-71.42100256788619, 42.427276752632736
-71.42100277410283, 42.42727659919471
-71.42100244266607, 42.42727684335784
-71.42100253974382, 42.42727677150902
-71.42099939657984, 42.427276528477186
-71.42099700222455, 42.42727646347114
-71.42099593485072, 42.42727648993006
-71.42099566406925, 42.4272764137785
-71.42099539515641, 42.42727651016573
-71.42099540815863, 42.42727645775154
-71.42099552987163, 42.42727635288596
-71.42099529999565, 42.42727651668202
-71.42099518858898, 42.42727659619338
-71.42099532647114, 42.427276493403255
-71.4209950164765, 42.427276721847655
-71.42099512603598, 42.42727664083122
-71.42099525505445, 42.42727654554267
-71.42099520856601, 42.427276579837326
-71.42099150553146, 42.42727786974964
-71.42098865787638, 42.427278968196376
-71.42098733947404, 42.427279558146964
-71.42098708256384, 42.42727960705089
-71.4209869149735, 42.42727967664331
-71.42098685314575, 42.427279701213365
-71.42098715833602, 42.427279467377375
-71.42098685504557, 42.42727968818087
-71.4209868127068, 42.427279718232676
-71.4209870598561, 42.42727953534204
-71.42098701788699, 42.42727956614163
-71.42098626277308, 42.42728012345026
-71.42098668057876, 42.427279815025884
-71.4209836330334, 42.42727950556022
-71.42098116021967, 42.42727946937963
-71.42097973874998, 42.42727978229183
-71.4209795724003, 42.427279626790884
-71.42097908652451, 42.427279876037076
-71.4209788361647, 42.42728001962908
-71.42097920164053, 42.42727973418548
-71.42097897562005, 42.427279894829944
-71.42097939728211, 42.427279581244946
-71.42097788379236, 42.427280100760655
-71.4209744958727, 42.42727941391898
-71.42097303803267, 42.427279352467075
-71.4209722757221, 42.42727948615023
-71.42097201676107, 42.427279503768965
-71.42097161110372, 42.427279737583085
-71.42097157949776, 42.42727973570398
-71.42097168878793, 42.427279645680876
-71.42097156785744, 42.42727973137764
-71.42097120871166, 42.42727999511883
-71.42097162115266, 42.427279690140935
-71.42097143754903, 42.42727982546434
-71.42097160491986, 42.42727970184604
-71.42097177306862, 42.42727957769814
-71.42096784340754, 42.42727939214123
-71.42096593522544, 42.427279236948266
-71.42096504035761, 42.427279273848654
-71.42096507448467, 42.427279012348265
-71.42096468570963, 42.42727921010127
-71.4209648858321, 42.42727902694629
-71.42096417549146, 42.42727895764219
-71.4209597688769, 42.427279045088866
-71.42095840913447, 42.42727882218994
-71.42095747464921, 42.427279062711676
-71.42095741780317, 42.42727893274935
-71.42095751676078, 42.42727879284417
-71.42095715450313, 42.42727903620947
-71.42095066043501, 42.42728018853066
-71.42094550363291, 42.42728086787914
-71.42094306381772, 42.427281395906405
-71.42094216516801, 42.42728158732161
-71.42094218183344, 42.42728139257341
-71.42094205638051, 42.427281418915584
-71.42094199627402, 42.4272814377732
-71.42093771908306, 42.42728105069092
-71.42093597742885, 42.42728093198384
-71.4209352645725, 42.42728090502487
-71.42093471968019, 42.42728109306465
-71.4209350013454, 42.42728080065164
-71.42093322396495, 42.42728095356798
-71.42092959814943, 42.42728058000033
-71.42092843678333, 42.427280347648924
-71.420927963844, 42.42728026278586
-71.42092785100203, 42.42728018033707
-71.42092781780522, 42.427280142813544
-71.42092763296262, 42.42728025383839
-71.42092752087838, 42.427280326931715
-71.42092776617585, 42.427280142183804
-71.42092774388712, 42.42728015724267
-71.42092339077655, 42.4272798043617
-71.42092155221803, 42.42727958337649
-71.42092065982563, 42.42727963578978
-71.42092051361523, 42.427279515496565
-71.42092043740756, 42.42727948052758
-71.42092022618408, 42.42727960301824
-71.42091964232138, 42.42728169426505
-71.42091941482965, 42.427282698213574
-71.42091929440947, 42.427283097076334
-71.42091917834479, 42.42728330981946
-71.42091918688698, 42.427283351986894
-71.42091929947557, 42.42728328584179
-71.42091840958533, 42.427283276563
-71.42091450035525, 42.4272826384371
-71.420912828929, 42.427282644775225
-71.42091227898807, 42.42728258081208
-71.42091196392367, 42.42728262830968
-71.42091196159875, 42.42728255839916
-71.42090746303367, 42.42728230114836
-71.42090552047428, 42.4272819063463
-71.42090472226208, 42.42728179712368
-71.42090440626302, 42.4272817594697
-71.42090421809372, 42.427281800614736
-71.4209041873319, 42.42728178378039
-71.42090452996582, 42.42728150826557
-71.4209045018472, 42.42728152088874
-71.42090443275067, 42.42728156882306
-71.42090446289453, 42.427281545355534
-71.4209043475906, 42.42728163000798
-71.42090453993796, 42.42728148784977
-71.42090449288794, 42.42728152251271
-71.42090448766176, 42.42728152634559
-71.42090429282075, 42.42728167015453
-71.42089901269776, 42.42728344194476
-71.42089716245586, 42.427284009399514
-71.42089631901484, 42.427284332976555
-71.42089617732567, 42.42728432248574
-71.42089616049836, 42.4272842923005
-71.42089120347734, 42.42728366188676
-71.42088887604721, 42.427283549412984
-71.42088820790559, 42.427283335566976
-71.42088785634309, 42.42728333211048
-71.42088759474882, 42.42728465061248
-71.42088743607106, 42.42728621882076
-71.4208872108467, 42.42728695388507
-71.42088750074359, 42.427286945261734
-71.42088735147699, 42.42728713775422
-71.42088442454816, 42.42728673674844
-71.42088091911403, 42.42728618043947
-71.42087967529315, 42.42728595872893
-71.42087920795129, 42.427285843585175
-71.42087899901391, 42.427285830205136
-71.42087895060585, 42.42728579961643
-71.42087901343062, 42.427285729131384
-71.42087898271716, 42.42728574233353
-71.42087897031259, 42.42728574753521
-71.42087897943425, 42.427285739088624
-71.42087298466738, 42.427285166390156
-71.42087079716806, 42.42728486013396
-71.4208699083465, 42.42728482140009
-71.42086960367865, 42.4272847643644
-71.42086951873593, 42.42728472154343
-71.42086948187848, 42.42728470950532
-71.42086932852686, 42.42728480699683
-71.42086927428781, 42.427285560283224
-71.42086933273907, 42.42728745251864
-71.4208695135883, 42.42728803766084
-71.42086962361421, 42.427288238153906
-71.4208696706394, 42.427288309724226
-71.42086968548932, 42.42728834165951
-71.4208696568095, 42.42728837850399
-71.42086963901085, 42.42728839787673
-71.42086960974252, 42.42728842182944
-71.42086955522424, 42.427288462975646
-71.42086958543128, 42.42728844103584
-71.42086954804341, 42.42728846876311
-71.42086955616583, 42.427288462823235
-71.42086952406429, 42.427288486538174
-71.4208694500914, 42.4272885411476
-71.42086942600913, 42.42728855892657
-71.42086953174866, 42.42728848087811
-71.42086949621151, 42.42728850710983
-71.42086952051397, 42.427288489171545
-71.42086948242759, 42.42728851728449
-71.42086942193748, 42.42728856193433
-71.42086946270777, 42.42728853184042
-71.42086941785773, 42.42728856494575
-71.42086935838788, 42.427288608842495
-71.42086940306027, 42.42728857586828
-71.42086932779226, 42.42728863142617
-71.4208693881609, 42.42729078206919
-71.42086939885841, 42.42729177116998
-71.42086945097438, 42.427292137432374
-71.42086945125448, 42.4272922815543
-71.42086948302125, 42.427292316718855
-71.42086947170067, 42.427292347321995
-71.42086956072751, 42.42729229015101
-71.42086951398102, 42.427292327841684
-71.4208695741794, 42.42729228469404
-71.42086958238953, 42.42729227909796
-71.42086955924803, 42.42729229637
-71.42086961003655, 42.427292258950196
-71.42086962234393, 42.42729224989417
-71.42086767537369, 42.427293663752366
-71.4208625236433, 42.427297404268664
-71.42086069079866, 42.42729873525725
-71.42085986826226, 42.42729933269868
-71.4208596044962, 42.4272995240381
-71.42085935021146, 42.42729971038947
-71.42085939352002, 42.427299677898574
-71.42085936644833, 42.42729969768581
