long, lat
-71.42086252570152, 42.4273123538726
-71.42085247000115, 42.427301991266006
-71.42085089431534, 42.42730346622496
-71.42084954637453, 42.427304922661534
-71.42084907559767, 42.42730599102538
-71.42084824353996, 42.427307518780296
-71.42084821340673, 42.427308555130715
-71.42084811242225, 42.42730975833875
-71.4208481159639, 42.42731100047641
-71.4208480781273, 42.42731214535927
-71.42084815701939, 42.42731309705056
-71.42084856443432, 42.42731396103238
-71.4208491984539, 42.42731473997156
-71.42085004123906, 42.42731535908607
-71.42085071504111, 42.42731597081241
-71.42085172649372, 42.427316344294276
-71.42085269297117, 42.42731664646794
-71.4208533127888, 42.427317150453085
-71.42085424280185, 42.42731735371438
-71.42085480079452, 42.427317779968824
-71.4208551765619, 42.42731826225262
-71.4208557780857, 42.42731848321149
-71.42085628225466, 42.427318790471695
-71.42085647933958, 42.42731919432663
-71.4208572720662, 42.42731919721623
-71.42085782806511, 42.4273192696589
-71.42085825886001, 42.42731942677726
-71.42085878722921, 42.42731945367121
-71.42085876981062, 42.42731985584702
-71.4208591076973, 42.427319947537335
-71.42085963445491, 42.427319894296566
-71.42085955449936, 42.42732024368742
-71.42085950438661, 42.42732053528977
-71.42085906338016, 42.42732062935429
-71.42085883133683, 42.427320550355816
-71.4208581767185, 42.42732081248641
-71.42085776949749, 42.42732090431193
-71.42085740708823, 42.427320990281366
-71.42085734647907, 42.42732086706138
-71.42085679407971, 42.42732094288579
-71.42085568387932, 42.427321100515414
-71.42085512348105, 42.427320884193904
-71.42085459422586, 42.427320740762106
-71.42085394260224, 42.42732071661861
-71.42085338270448, 42.42732068238185
-71.4208526863083, 42.427320766185765
-71.42085237791669, 42.427320623568036
-71.42085201925119, 42.427320580600956
-71.42085127954464, 42.42732054517875
-71.42084944624243, 42.427320272577255
-71.42084761230566, 42.42732018886706
-71.42084610773422, 42.42732003114231
-71.42084518707578, 42.42731947664559
-71.42084407633085, 42.427319246710695
-71.42084299482335, 42.42731905048009
-71.42084188597676, 42.42731906859519
-71.42084122650458, 42.427318882263535
-71.42083958191854, 42.427318193771406
-71.42083752328283, 42.427317833861004
-71.42083536962076, 42.42731763992089
-71.4208336858748, 42.42731740570573
-71.42083227002149, 42.427316993560844
-71.42083071640498, 42.42731687785718
-71.42082959406254, 42.42731652855914
-71.42082855919683, 42.42731627100484
-71.42082746074523, 42.42731610958343
-71.42082666578312, 42.42731587191587
-71.4208257528045, 42.427315714316435
-71.420825037134, 42.42731550764626
-71.42082444495944, 42.42731527706497
-71.42082300416621, 42.42731534589176
-71.42082204302515, 42.42731507238397
-71.42082085450963, 42.42731500135297
-71.42081979296115, 42.42731496009978
-71.42081904514347, 42.42731475153565
-71.42081799666384, 42.42731483529019
-71.42081724194414, 42.42731466129129
-71.42081533062328, 42.42731445784003
-71.42081378516767, 42.42731418451176
-71.42081224176745, 42.42731403534944
-71.42081047104351, 42.427314180283254
-71.42080912291888, 42.427314120490834
-71.4208081456926, 42.42731382094148
-71.42080622614817, 42.42731390402143
-71.42080380915978, 42.427313968715865
-71.42080179414485, 42.427313808131046
-71.42079980352446, 42.42731383551829
-71.4207978131908, 42.42731397969987
-71.4207964011255, 42.42731387016535
-71.42079492198222, 42.427313836910585
-71.4207936845208, 42.42731382380903
-71.42079231641446, 42.42731407402501
-71.4207902820229, 42.4273137292028
-71.42078812653453, 42.42731335549201
-71.42078582462702, 42.427313131117835
-71.42078379584791, 42.42731308254033
-71.42078220746167, 42.427312678996834
-71.42078081222144, 42.42731233119231
-71.42077958742689, 42.42731199890599
-71.42077812237798, 42.42731207592833
-71.42077716540764, 42.42731194934954
-71.4207758192088, 42.42731176313586
-71.42077387154491, 42.42731178146109
-71.42077250084277, 42.427311535403796
-71.42077104284724, 42.42731149142078
-71.4207697246887, 42.427311420654874
-71.42076879451939, 42.42731118170244
-71.42076780222236, 42.427311085424066
-71.42076685103204, 42.427311023270086
-71.42076590070043, 42.427311069478755
-71.42076514428122, 42.427311009799496
-71.42076389805727, 42.42731095496707
-71.42076182355989, 42.427310718936184
-71.42076011661288, 42.42731032889642
-71.42075840934288, 42.42731018618274
-71.42075692277608, 42.42730989077717
-71.42075537424293, 42.42730984267933
-71.42075374450623, 42.42730992273548
-71.42075229079552, 42.42730955335426
-71.42075063106851, 42.42730911233314
-71.42074882817634, 42.42730896167157
-71.42074733213113, 42.427308676571805
-71.42074572043063, 42.42730860912031
-71.42074446359595, 42.42730844920026
-71.42074329614502, 42.427308255954316
-71.42074193708908, 42.42730820702779
-71.42074039948886, 42.42730730207063
-71.42073882431981, 42.42730668107519
-71.420737311465, 42.42730620611126
-71.4207361522, 42.42730571578234
-71.42073526420928, 42.42730495721915
-71.42073445920167, 42.427304338447186
-71.4207333763877, 42.42730404073411
-71.42073268566045, 42.42730364723215
-71.42073180921575, 42.427303541759215
-71.4207299527435, 42.42730305840766
-71.42072834211137, 42.427302284326856
-71.42072679934098, 42.42730147522816
-71.42072555753187, 42.42730074890638
-71.42072406798198, 42.427300308087204
-71.42072259177485, 42.42730009352441
-71.42072172977424, 42.42729943027139
-71.42072066856045, 42.42729910508952
-71.42071981768883, 42.4272988136564
-71.42071848706149, 42.427298773819004
-71.42071718928457, 42.42729833490565
-71.4207160052509, 42.4272979170824
-71.42071498165058, 42.42729758051692
-71.4207137710698, 42.42729744749689
-71.42071296618646, 42.42729714030417
-71.42071227165009, 42.42729678756032
-71.42071140452838, 42.427296656006654
-71.42071086965642, 42.42729637518316
-71.42071013049706, 42.42729629220427
-71.42070970346944, 42.4272960261159
-71.42070856395453, 42.42729573423183
-71.42070756763574, 42.42729528560807
-71.42070657022506, 42.42729487028674
-71.42070570362655, 42.42729453968686
-71.42070498073883, 42.4272941251532
-71.42070413103725, 42.42729396723148
-71.42070359355954, 42.42729357488618
-71.42070260234101, 42.427293164481185
-71.42070138423277, 42.427292682356075
-71.42070016743415, 42.42729227910857
-71.4206992397891, 42.42729185223495
-71.42069825127989, 42.42729149773634
-71.42069738116959, 42.42729116046843
-71.42069658876794, 42.4272909108529
-71.42069467859231, 42.427290268616
-71.42069277230965, 42.42728975457284
-71.42069068632208, 42.42728955978661
-71.42068902251775, 42.427289213293314
-71.42068745299488, 42.42728898663913
-71.42068598165325, 42.42728872834035
-71.42068475612433, 42.42728853967838
-71.42068367454628, 42.42728842917368
-71.42068198783495, 42.42728816392785
-71.42068061178702, 42.42728787948271
-71.42067923276652, 42.427287587477096
-71.42067763727248, 42.42728760742667
-71.4206765020546, 42.42728746791932
-71.42067539867976, 42.42728732452692
-71.42067449204757, 42.427287218914515
-71.42067311977154, 42.42728736101174
-71.42067146808643, 42.427287013024774
-71.4206700333215, 42.427286713772986
-71.42066866980986, 42.42728650752984
-71.42066746345161, 42.42728623328964
-71.42066654525844, 42.427285866847335
-71.42066545267575, 42.427285757023554
-71.4206647333377, 42.42728540374324
-71.42066415828901, 42.42728506958996
-71.42066375894001, 42.427284634601115
-71.42066307880631, 42.427284477971305
-71.42066177114219, 42.42728427501091
-71.42065984161869, 42.42728394588962
-71.42065820497872, 42.42728351288925
-71.4206567577471, 42.427283174184076
-71.42065535323859, 42.42728282767768
-71.4206541488487, 42.42728254321799
-71.42065309115453, 42.4272821591603
-71.42065135113967, 42.42728166997571
-71.42064954913943, 42.427281077503906
-71.42064794054035, 42.4272803995047
-71.42064669259528, 42.42727973498397
-71.42064549367446, 42.42727910020115
-71.42064423326217, 42.42727869571006
-71.42064302051345, 42.42727837257057
-71.42064118112076, 42.4272773987329
-71.42063958108035, 42.42727657175532
-71.42063809350874, 42.427275767250606
-71.42063666784259, 42.42727511869155
-71.42063541465834, 42.427274536168625
-71.42063429275163, 42.42727394751383
-71.42063341144546, 42.42727338548621
-71.42063248486086, 42.42727307983279
-71.42063100570701, 42.42727221111695
-71.4206294606851, 42.42727127769186
-71.42062817041018, 42.427270309928325
-71.4206268718352, 42.427269515145994
-71.4206256881938, 42.427268813560445
-71.4206246429343, 42.42726818918539
-71.42062389453824, 42.42726760900642
-71.42062306135013, 42.427267280200766
-71.42062190169324, 42.42726666458156
-71.42062065038952, 42.42726578941817
-71.42061935576264, 42.42726508326656
-71.42061835624989, 42.427264368463064
-71.42061722844288, 42.427263807705295
-71.4206164082605, 42.427263221409255
-71.42061568420193, 42.42726263807351
-71.42061498912494, 42.427262149699054
-71.4206143156498, 42.427261729746256
-71.42061370640843, 42.4272613357962
-71.42061324047845, 42.42726092979083
-71.42061274417695, 42.427260640462116
-71.42061119501098, 42.427260181032466
-71.42060936520362, 42.427259788617626
-71.42060779250698, 42.427259320482605
-71.42060645678757, 42.42725885607182
-71.42060524964103, 42.42725839445619
-71.42060405845295, 42.42725807168647
-71.4206029436559, 42.42725780421013
-71.42060095996526, 42.427257002139804
-71.42059928790835, 42.42725625701443
-71.42059791272244, 42.427255474327005
-71.42059666230281, 42.42725481431623
-71.4205954159576, 42.42725424522834
-71.42059429943787, 42.4272537259287
-71.42059321335582, 42.42725336660983
-71.4205914789699, 42.42725238953176
-71.42058995616651, 42.42725154340846
-71.42058856248146, 42.42725061494259
-71.42058724938457, 42.427249861593204
-71.42058618746259, 42.42724912506255
-71.42058515567187, 42.42724845744988
-71.42058424348326, 42.427247869651964
-71.42058339028154, 42.4272474617544
-71.42058256372896, 42.42724703185766
-71.42058107250561, 42.42724587041775
-71.42057987430894, 42.42724474837263
-71.42057873966655, 42.427243797180296
-71.42057772026213, 42.427242897620296
-71.42057686915359, 42.42724214447279
-71.42057614044724, 42.42724130636497
-71.42057554716376, 42.42724056701031
-71.42057507321012, 42.42723993978288
-71.42057467606249, 42.427239400469844
-71.42057392974935, 42.42723854363
-71.42057277160568, 42.42723729643942
-71.42057178044597, 42.427236311929754
-71.42057084468131, 42.427235264994636
-71.42057010601154, 42.42723436504579
-71.42056940885679, 42.42723346379657
-71.42056881262977, 42.42723267764308
-71.4205682874295, 42.42723193117107
-71.42056786009367, 42.427231226528235
-71.42056749449841, 42.42723059932728
-71.4205671834541, 42.4272299703443
-71.42056694525517, 42.42722941153143
-71.42056675395625, 42.427228842375655
-71.42056657502391, 42.42722834367096
-71.42056647747238, 42.42722785834867
-71.4205659644006, 42.42722687944026
-71.42056500997037, 42.42722567407804
-71.42056422460202, 42.427224519198695
-71.42056342756699, 42.4272234762591
-71.42056292807817, 42.42722238071312
-71.42056233006474, 42.427221516342485
-71.42056181080483, 42.42722071635092
-71.42056141016617, 42.427219903147105
-71.42056097808813, 42.42721900918616
-71.42056059891435, 42.42721765398294
-71.42056011961202, 42.427216562264675
-71.42055958589596, 42.42721560790413
-71.42055922527062, 42.427214699917535
-71.42055877071641, 42.42721388674457
-71.42055848138044, 42.427213081477845
-71.42055851079283, 42.42721217096611
-71.42055832932822, 42.427211400493135
-71.42055809647933, 42.42721046219187
-71.42055796538202, 42.427209567211115
-71.42055778899687, 42.427208776562466
-71.42055772592016, 42.42720801606664
-71.42055806838349, 42.4272070362218
-71.42055793442316, 42.42720648601264
-71.42055790574665, 42.427205865102245
-71.42055808424927, 42.42720521545133
-71.42055831946672, 42.42720461986743
-71.42055815175402, 42.4272036829684
-71.42055816938257, 42.4272025658099
-71.42055787613282, 42.427201707955106
-71.42055785823139, 42.427200814097525
-71.42055765097857, 42.427200074845594
-71.42055763811665, 42.427199312379884
-71.42055762455294, 42.427198623004315
-71.42055791029681, 42.427197843765995
-71.42055788748003, 42.42719740460261
-71.42055772035548, 42.427197050078135
-71.42055725105871, 42.427196876052605
-71.42055703661367, 42.42719657020593
-71.4205570100794, 42.42719618337803
-71.42055685496362, 42.427195934069815
-71.42055668753162, 42.427195717929195
-71.42055688800016, 42.4271952569801
-71.42055677362109, 42.427195069398664
-71.42055674421397, 42.4271948381187
-71.42055664780801, 42.42719467275232
-71.4205564960588, 42.427194577624256
-71.42055661998117, 42.42719426727495
-71.4205571431846, 42.42719342372334
-71.42055760305004, 42.42719265699524
-71.42055792661681, 42.42719202997848
-71.42055841327598, 42.4271913246468
-71.42055862730304, 42.42719073611142
-71.42055865047888, 42.42719007376619
-71.4205589328515, 42.42718926763746
-71.42055921712432, 42.42718856234517
-71.42055940318856, 42.42718792630131
-71.42055945598933, 42.42718743932736
-71.42056012127071, 42.427186692509444
-71.42056085356901, 42.42718622935153
-71.42056175822164, 42.427185632371746
-71.42056239396928, 42.42718522765248
-71.42056299780316, 42.42718483886716
-71.42056370505146, 42.42718437008299
-71.42056431921576, 42.42718396035389
-71.4205648649945, 42.42718359387318
-71.42056537933132, 42.42718326400067
-71.4205663902386, 42.427182625503285
-71.42056724909979, 42.42718208869431
-71.42056801747505, 42.42718160812015
-71.42056892241719, 42.42718102006224
-71.42056955947471, 42.42718061832645
-71.42057013882525, 42.42718025788883
-71.42057083503619, 42.427179799714025
-71.42057119542882, 42.42717918860962
-71.42057177664356, 42.42717846872492
-71.4205721203162, 42.42717793827603
-71.42057268089086, 42.42717728294326
-71.42057313350254, 42.42717672119377
-71.42057335437313, 42.42717634595111
-71.4205735755333, 42.42717600446021
-71.4205738338704, 42.42717563871714
-71.42057465689165, 42.427174884779326
-71.42057468858084, 42.42717471450154
-71.42057496274184, 42.427174384148
-71.4205749818239, 42.42717425416969
-71.42057538884308, 42.42717387258892
-71.42057616834708, 42.42717325835389
-71.42057688187982, 42.427172698577245
-71.42057758117218, 42.427172150032966
-71.42057818764616, 42.427171674474074
-71.42057851211345, 42.42717140890799
-71.42057886113628, 42.427171127183534
-71.42057917889551, 42.42717087181344
-71.42058057513394, 42.42716987541426
-71.42058165474471, 42.42716910889437
-71.42058255343572, 42.427168472881995
-71.42058343085222, 42.42716785014201
-71.42058399917553, 42.42716745424466
-71.42058488881996, 42.42716684433164
-71.42058584157391, 42.42716620460139
-71.42058667356767, 42.427165650935855
-71.42058764691184, 42.42716498179467
-71.42058840778266, 42.42716446960608
-71.4205889740414, 42.42716409566113
-71.42058963117408, 42.427163649470806
-71.4205907955984, 42.42716324098237
-71.42059207049874, 42.427162730132
-71.42059308329746, 42.42716236349336
-71.42059391768653, 42.427162100870085
-71.4205949226906, 42.4271616762132
-71.42059584516535, 42.42716130450048
-71.42059654557553, 42.427161035690375
-71.42059743932822, 42.42716060468456
-71.42059871077939, 42.427159937888995
-71.42059985477184, 42.42715934237105
-71.42060084334392, 42.427158824130565
-71.42060183080422, 42.427158299835945
-71.4206024323915, 42.427158042420885
-71.4206031986398, 42.4271576381206
-71.4206039018479, 42.427157270307745
-71.42060437314012, 42.427157057736494
-71.42060498994725, 42.42715672153718
-71.42060533437844, 42.427156579521295
-71.42060596730572, 42.42715620909462
-71.42060688524278, 42.427155665836395
-71.42060776855921, 42.42715513059702
-71.42060895267343, 42.42715435952829
-71.42061000681439, 42.42715368101494
-71.42061074799433, 42.42715322281286
-71.42061119778978, 42.42715296858449
-71.42061235539595, 42.42715255150855
-71.42061339214817, 42.427152260208466
-71.42061480053923, 42.427151634771775
-71.42061602175325, 42.42715111991327
-71.4206171782796, 42.42715061739027
-71.4206183308863, 42.42715010002325
-71.42061967814774, 42.4271494152203
-71.42062078899914, 42.427148890837685
-71.42062199162308, 42.42714826757419
-71.42062284395386, 42.4271478768772
-71.42062360953607, 42.42714753066628
-71.42062451551195, 42.42714705190696
-71.4206254589906, 42.427146508166025
-71.4206268413246, 42.42714569067216
-71.42062850459916, 42.42714464709447
-71.42062964613542, 42.427143966704556
-71.42063057848607, 42.42714343056219
-71.42063138453396, 42.427142973700974
-71.42063215058651, 42.4271425284492
-71.42063279137355, 42.427142153962556
-71.4206337335496, 42.42714169900084
-71.42063488672379, 42.42714136890899
-71.42063596724238, 42.42714105119268
-71.42063701321585, 42.42714069577278
-71.42063806186559, 42.42714031930704
-71.42063899958539, 42.42713997105784
-71.42063978528343, 42.42713970475145
-71.42064027164989, 42.427139624807175
-71.42064081744485, 42.42713948664713
-71.4206413383075, 42.4271393400363
-71.420641928197, 42.427139115285314
-71.42064215596412, 42.42713915196754
-71.42064270024235, 42.427138935147376
-71.42064369409742, 42.42713840237939
-71.42064458549513, 42.42713792763534
-71.42064521521989, 42.42713762625618
-71.4206459296259, 42.42713724377913
-71.4206466869144, 42.42713682077037
-71.4206478486552, 42.42713622765632
-71.42064913074549, 42.42713581382046
-71.42065024434044, 42.4271354729388
-71.42065139723431, 42.42713503356612
-71.42065244104674, 42.42713467147676
-71.4206536617911, 42.42713413292384
-71.42065447652863, 42.42713387159645
-71.42065552052928, 42.42713345596658
-71.42065693553438, 42.427132724853145
-71.42065813780837, 42.42713210835591
-71.42065909740282, 42.427131663028355
-71.42065988106663, 42.42713129753837
-71.4206608211987, 42.427130825100576
-71.42066147942867, 42.42713052013188
-71.42066227157781, 42.42713008486382
-71.42066325275019, 42.42712956840134
-71.42066447300044, 42.427128863024805
-71.42066545697965, 42.427128314011995
-71.4206668061149, 42.4271274788275
-71.42066753193316, 42.4271270807173
-71.42066830998745, 42.427126640462404
-71.42066892339905, 42.42712629732001
-71.42066976686044, 42.42712576534327
-71.42067101858387, 42.42712528650472
-71.42067241116662, 42.4271247623006
-71.42067335461383, 42.42712454862596
-71.42067436211548, 42.42712421998341
-71.42067512323366, 42.427124040671266
-71.4206758094624, 42.427123887988806
-71.42067659688047, 42.42712361413021
-71.42067746879523, 42.427123255332326
-71.42067843933289, 42.42712280043304
-71.42067948017181, 42.42712226452598
-71.42068044713677, 42.427121796958474
-71.42068167339076, 42.42712113876428
-71.42068323010959, 42.427120217164116
-71.42068406609695, 42.42711980684864
-71.42068494384999, 42.42711934805164
-71.4206857794086, 42.42711890074193
-71.42068747872415, 42.42711825931323
-71.4206895107293, 42.42711736595737
-71.4206912754981, 42.42711666789832
-71.42069271699596, 42.42711612296163
-71.42069393789204, 42.42711570633037
-71.4206956585404, 42.427114877109005
-71.42069697631092, 42.427114285694834
-71.42069819574516, 42.42711369521183
-71.42070075599835, 42.427112441340796
-71.42070256245516, 42.4271118870911
-71.42070405533687, 42.42711144907643
-71.42070566473882, 42.42711089750311
-71.42070674618935, 42.42711067118089
-71.420707774419, 42.42711037482422
-71.42070880742018, 42.42710999340773
-71.42070977777568, 42.42710959535937
-71.4207107569015, 42.427109141076286
-71.42071222055458, 42.42710856776282
-71.42071363209222, 42.427107992560245
-71.42071489414892, 42.42710746940237
-71.42071576462894, 42.42710720713788
-71.4207167942745, 42.42710675227211
-71.42071749819915, 42.42710654499916
-71.4207184036891, 42.42710612647083
-71.4207190718983, 42.42710583895858
-71.42072011550495, 42.42710550278785
-71.42072159132181, 42.42710511849849
-71.42072284149548, 42.427104837232164
-71.42072431512814, 42.42710431451742
-71.42072527762885, 42.4271041283265
-71.42072620461597, 42.427103897193135
-71.42072720443056, 42.4271035869101
-71.42072823294981, 42.42710321004553
-71.42072929665026, 42.427102767229066
-71.4207300514198, 42.42710251706602
-71.42073096805508, 42.42710224764892
-71.42073255785513, 42.42710145647754
-71.42073363144989, 42.42710101180611
-71.42073479911612, 42.42710046582446
-71.42073579359639, 42.42710001321762
-71.42073653265061, 42.427099723660135
-71.4207376824507, 42.427099211526624
-71.42073914195291, 42.4270984832835
-71.42074072076915, 42.42709764892401
-71.42074187111713, 42.42709709057976
-71.42074294316365, 42.42709656352083
-71.42074375923045, 42.427096204923465
-71.4207454366065, 42.42709536253923
-71.4207470624703, 42.427094863429524
-71.4207488356992, 42.427094217061224
-71.4207500391188, 42.42709391019585
-71.42075131801161, 42.427093497103336
-71.42075255298379, 42.42709307925397
-71.42075383045194, 42.427092563554865
-71.42075536734353, 42.42709196568779
-71.42075839663481, 42.42709086056165
-71.42076064607834, 42.42709023236399
-71.42076317547907, 42.42708928690698
-71.42076500868998, 42.42708874495406
-71.42076662082602, 42.42708830578169
-71.4207683477354, 42.427087629739624
-71.4207695321288, 42.427087338176676
-71.42077161147037, 42.42708700762397
-71.42077343036567, 42.42708673119967
-71.42077502835066, 42.42708651798334
-71.42077685059425, 42.427086046780815
-71.42077829597052, 42.42708575705804
-71.42078018590375, 42.42708508396379
-71.42078120179777, 42.42708497935476
-71.42078281437875, 42.42708436983606
-71.42078398111765, 42.42708405328824
-71.42078590922011, 42.427083318476356
-71.42078759522364, 42.427082731292096
-71.42078921952753, 42.42708212013018
-71.42079038996818, 42.42708180235738
-71.42079170565022, 42.42708131789629
-71.42079275220826, 42.4270810505875
-71.42079448938968, 42.42708079138005
-71.42079655112194, 42.427080179726076
-71.42079826653745, 42.42707970361752
-71.42079958794257, 42.427079479820705
-71.42080088899469, 42.42707922931102
-71.4208022116933, 42.42707891319751
-71.42080425886915, 42.42707822493239
-71.42080586375778, 42.42707781329973
-71.42080778869294, 42.427077090170364
-71.42080915555375, 42.4270766949474
-71.42081046336982, 42.4270762907501
-71.42081383348136, 42.42707500927786
-71.4208152946202, 42.42707497723722
-71.42081701312235, 42.42707463301695
-71.42081815692362, 42.42707464103424
-71.42081948456963, 42.427074443993455
-71.42082068393822, 42.427074235363094
-71.42082174475412, 42.42707400670757
-71.42082276055727, 42.42707372439976
-71.42082358837212, 42.42707351098637
-71.42082534456843, 42.427073255431665
-71.42082775679705, 42.42707293914119
-71.42083008934593, 42.42707250789169
-71.4208321887379, 42.427072140749885
-71.42083383326406, 42.42707195164238
-71.4208353509793, 42.42707181170741
-71.42083697590601, 42.427071462310806
-71.42083816339994, 42.42707137722245
-71.42083953645133, 42.427071042480016
-71.42084047375782, 42.42707102199221
-71.42084141902473, 42.427070926960404
-71.420842159129, 42.42707088762111
-71.42084305065995, 42.42707072413003
-71.42084382358698, 42.427070643216126
-71.42084552606298, 42.427070472649085
-71.42084687316432, 42.4270704883187
-71.42084811104532, 42.4270704468628
-71.42084943066634, 42.427070277625106
-71.42085070134677, 42.42707006560649
-71.42085204671658, 42.427069878915425
-71.42085393388257, 42.42706976130946
-71.42085544347817, 42.42706980602329
-71.42085676742812, 42.42706984872664
-71.42085835538948, 42.427069653526914
-71.42085973564639, 42.427069452144096
-71.42086089367575, 42.42706939822044
-71.42086222906315, 42.42706925715437
-71.4208639141845, 42.42706935702405
-71.42086545660278, 42.42706941746365
-71.4208671027538, 42.427069297776555
-71.42086840275942, 42.427069325547244
-71.42086958450638, 42.427069367893864
-71.4208707543078, 42.42706934072695
-71.42087163210448, 42.42706943382513
-71.42087390247596, 42.42706919714344
-71.42087565026371, 42.42706921460728
-71.42087722210094, 42.42706915097351
-71.42087877000726, 42.42706907755265
-71.42088031495575, 42.42706888285874
-71.42088165802848, 42.42706868931832
-71.42088297646029, 42.427068361008416
-71.42088520136731, 42.42706797825545
-71.42088692248603, 42.42706809597905
-71.42088843401939, 42.42706816351178
-71.4208898228798, 42.42706825485199
-71.42089132752153, 42.42706816884127
-71.42089263471266, 42.42706808806649
-71.42089376673769, 42.427068080570045
-71.42089471936555, 42.42706813453486
-71.42089558536459, 42.42706814106392
-71.4208963128902, 42.42706824683766
-71.42089711028565, 42.42706817767217
-71.42089866160306, 42.42706832824714
-71.42089987811828, 42.42706854457858
-71.42090118821193, 42.42706859871181
-71.42090252329281, 42.42706851167019
-71.42090320983571, 42.427068846120484
-71.42090413900732, 42.42706894592525
-71.42090682229806, 42.42706875473531
-71.42090984190608, 42.427068536790436
-71.42091214322392, 42.42706860262308
-71.42091451815479, 42.42706848039196
-71.42091655420553, 42.42706848432972
-71.4209192250966, 42.427068223359896
-71.4209216377818, 42.4270687600444
-71.42092374828891, 42.42706930394811
-71.42092599053392, 42.42706953236013
-71.42092741991888, 42.42707010164815
-71.42092891068994, 42.42707055866365
-71.42093032288687, 42.42707090037939
-71.42093171964305, 42.427070991369085
-71.42093397121295, 42.42707105323457
-71.42093632401202, 42.42707115610462
-71.42093829423871, 42.427071342542746
-71.42093979090134, 42.42707165555262
-71.42094134239188, 42.42707186079773
-71.42094313991706, 42.42707160383546
-71.42094411078605, 42.42707174210832
-71.42094513313512, 42.42707171008353
-71.42094679126026, 42.42707178350339
-71.42094843124212, 42.42707228134883
-71.42095019090638, 42.42707245450001
-71.42095156067614, 42.42707282123461
-71.42095292655853, 42.42707300535753
-71.42095412789006, 42.427073210399975
-71.42095571424422, 42.42707300816584
-71.42095656452828, 42.42707328833684
-71.42095743052785, 42.42707345465632
-71.42095888122421, 42.42707344511997
-71.42096125033191, 42.42707383034709
-71.4209633692755, 42.427074181485146
-71.42096579035402, 42.42707407041741
-71.42096746500198, 42.42707441644915
-71.4209689125019, 42.42707481648942
-71.42097050337651, 42.427075179759626
-71.42097287178458, 42.42707568610261
-71.42097479366173, 42.427076328660604
-71.42097624356572, 42.4270771537731
-71.42097764966104, 42.42707774718565
-71.42097886895044, 42.427078367725436
-71.4209799105446, 42.42707894467768
-71.42098106280724, 42.427079653516685
-71.42098285417975, 42.42708019214667
-71.42098422496944, 42.42708086888987
-71.42098551931426, 42.42708143350614
-71.42098667575712, 42.42708190095073
-71.42098768868199, 42.427082457957034
-71.42098892973307, 42.427082653164796
-71.4209898999608, 42.42708299825364
-71.42099094929786, 42.42708307865281
-71.42099161917983, 42.42708331138874
-71.42099248375361, 42.427083286669635
-71.42099352144528, 42.42708393786583
-71.42099473197347, 42.427084444907926
-71.42099600115212, 42.42708477793469
-71.42099694100915, 42.42708524683708
-71.42099791678116, 42.427085558049114
-71.42099881314553, 42.4270858190372
-71.42099951210724, 42.427086057593506
-71.42100050868689, 42.4270862430006
-71.42100194919347, 42.427086995665924
-71.42100323943964, 42.42708765068298
-71.42100458967944, 42.427088106921474
-71.42100595450937, 42.42708841559175
-71.42100702803549, 42.42708882949884
-71.42100781120776, 42.42708926984363
-71.4210088471879, 42.427089488462286
-71.42100966853128, 42.42708970161307
-71.42101061208484, 42.42708982545346
-71.42101131972119, 42.427089978917344
-71.42101191217009, 42.42709023336463
-71.42101278144894, 42.42709089458031
-71.42101381420727, 42.42709164500799
-71.42101491017829, 42.42709228022946
-71.42101578856796, 42.42709284287005
-71.42101696118407, 42.42709316590872
-71.42101783490331, 42.42709359616826
-71.42101840962138, 42.427094081936744
-71.42101964505987, 42.42709504242429
-71.4210208409507, 42.42709592171
-71.42102206720377, 42.4270966158339
-71.4210230559242, 42.42709735042239
-71.42102405911264, 42.427097862799535
-71.42102507482008, 42.42709833189634
-71.42102601521074, 42.42709916401428
-71.421027510488, 42.427100401317865
-71.42102887174865, 42.427101515812744
-71.42102995426895, 42.42710257695932
-71.42103101433048, 42.42710356524812
-71.42103201809486, 42.427104308504894
-71.42103278301968, 42.427105204885116
-71.42103342035098, 42.42710595587864
-71.42103415002559, 42.427106432703056
-71.42103496187661, 42.427107304061906
-71.42103608043818, 42.42710850798181
-71.42103715457232, 42.427109557198996
-71.42103817381914, 42.42711041244891
-71.42103901019316, 42.42711129853405
-71.42103978021353, 42.427112032780585
-71.4210405671108, 42.42711268219566
-71.42104115598997, 42.42711334208165
-71.42104195275677, 42.42711364720259
-71.42104285481965, 42.42711401936879
-71.42104437487092, 42.42711479675449
-71.42104553234695, 42.42711561287104
-71.42104662157257, 42.427116335352615
-71.42104775734029, 42.42711689094796
-71.42104865396502, 42.42711744349805
-71.42104961761541, 42.427117844412656
-71.42105057344595, 42.42711814048454
-71.42105132279792, 42.427118540090945
-71.42105191627113, 42.42711892325258
-71.42105259574926, 42.427119222879085
-71.42105311931265, 42.42711951817709
-71.42105340935753, 42.427119967340964
-71.42105443398869, 42.427120651057
-71.42105614551414, 42.427121749869336
-71.42105772807632, 42.42712282989841
-71.42105896055385, 42.42712378236984
-71.42106022982007, 42.427124739477996
-71.42106123691765, 42.427125561993655
-71.42106229673196, 42.42712629859321
-71.42106329873353, 42.427127079547844
-71.42106472242084, 42.42712823073783
-71.42106580309547, 42.42712937840645
-71.42106675313761, 42.42713044942744
-71.4210677038758, 42.427131433668315
-71.42106850116369, 42.4271322083502
-71.42106924585737, 42.42713303013269
-71.42106992911931, 42.427133786025664
-71.42107104898007, 42.42713535504726
-71.42107197413728, 42.427136618855236
-71.4210728185317, 42.427138011059036
-71.42107358718792, 42.42713915000516
-71.4210742426567, 42.427140322213866
-71.42107500199334, 42.4271411321225
-71.42107638168025, 42.427141479825096
-71.42107718212198, 42.42714198752789
-71.42107783115793, 42.42714243128978
-71.42107831848315, 42.42714313503948
-71.42107852152905, 42.427144271237374
-71.4210788010149, 42.427145217129414
-71.42107896689475, 42.42714614876909
-71.42107913512457, 42.4271469300153
-71.42107924006423, 42.427147707841655
-71.42107936308459, 42.42714832548197
-71.42107957498386, 42.427148758427485
-71.42108023296032, 42.427149784109886
-71.4210809183241, 42.42715064323683
-71.42108148971317, 42.42715153711777
-71.42108201947818, 42.4271523390241
-71.4210824433647, 42.42715303447127
-71.42108290502894, 42.42715364513857
-71.42108327982753, 42.42715422105868
-71.42108365685817, 42.42715475226394
-71.42108410357729, 42.42715513278613
-71.42108452382227, 42.427155461113955
-71.42108489248746, 42.427155784985324
-71.42108517026645, 42.42715636822782
-71.42108550987193, 42.42715688029782
-71.42108581845838, 42.42715733427914
-71.42108628259017, 42.42715760234444
-71.42108668653968, 42.42715787784354
-71.4210869098957, 42.427158240687504
-71.42108714839719, 42.42715884114978
-71.42108777843059, 42.42715905838928
-71.42108824592881, 42.427159349853085
-71.42108847455644, 42.42715975154007
-71.42108847024532, 42.42716026352659
-71.42108892839293, 42.427161223140764
-71.42108928461619, 42.42716219618965
-71.42108960231054, 42.42716302531431
-71.4210899183838, 42.427163828118275
-71.4210901131252, 42.427164640954736
-71.42109040750526, 42.427165184471086
-71.42109060949794, 42.427165658394046
-71.42109067663328, 42.42716647771162
-71.42109075498323, 42.4271673565456
-71.4210908267189, 42.427168131997455
-71.42109082328187, 42.42716892052226
-71.42109081293623, 42.42716961177009
-71.42109075077367, 42.42717027165943
-71.42109075090747, 42.427170772569475
-71.42109071796999, 42.4271712632574
-71.42109053085923, 42.427172210165054
-71.42109038867373, 42.42717300407918
-71.42109025157535, 42.42717374211105
-71.42109007739268, 42.42717445091701
-71.42108991866786, 42.4271750854421
-71.42108975294623, 42.42717569414256
-71.42108959935878, 42.42717623364374
-71.42108944964649, 42.42717672801815
-71.42108929267388, 42.42717719943766
-71.42108913671683, 42.427177623323416
-71.42108897513668, 42.427178035246754
-71.42108881550321, 42.42717842068205
-71.42108865876746, 42.42717876863663
-71.42108850425436, 42.42717910515278
-71.42108836000182, 42.42717940394967
-71.42108816770298, 42.42717972461286
-71.42108759917589, 42.42718030753135
-71.42108711534041, 42.42718090461722
-71.42108693912417, 42.42718144743077
-71.42108679483921, 42.427181916236
-71.42108668114574, 42.42718233962537
-71.4210865310394, 42.42718275218171
-71.42108637170116, 42.42718315524167
-71.42108618304134, 42.42718354701616
-71.42108584602646, 42.42718425765297
-71.42108518711538, 42.42718521255503
-71.42108462504831, 42.427186033423816
-71.42108419777578, 42.427186746586635
-71.42108412446643, 42.42718712031778
-71.42108402691471, 42.4271875212373
-71.42108394899455, 42.42718784775981
-71.42108378259614, 42.4271881905969
-71.42108341465516, 42.42718897747836
-71.42108282486765, 42.42718990000053
-71.42108237566472, 42.42719066270987
-71.4210820735834, 42.42719128532297
-71.421081642465, 42.42719195938324
-71.42108122494066, 42.427192591113844
-71.42108079258072, 42.427193173122106
-71.42108052012696, 42.42719359403294
-71.42108016877938, 42.42719408251501
-71.421079847411, 42.42719486192178
-71.42107960747079, 42.42719546804871
-71.42107932329073, 42.427196116440754
-71.42107903003453, 42.427196700074894
-71.42107871017487, 42.42719729050212
-71.4210785443608, 42.427197708498184
-71.42107809821296, 42.427198328858886
-71.42107814153611, 42.427198552777845
-71.4210780559318, 42.427198851773596
-71.42107749920402, 42.42719947276617
-71.42107741586862, 42.42719972266392
-71.42107726279312, 42.42720000950945
-71.42107712551424, 42.427200265909924
-71.42107684122722, 42.42720073968254
-71.42107643462325, 42.427201434363205
-71.42107633910642, 42.4272018600043
-71.4210762585229, 42.42720224569538
-71.42107589907512, 42.42720281409647
-71.4210757526721, 42.42720317284386
-71.42107525308462, 42.427203789335124
-71.42107476562303, 42.42720435449394
-71.42107406384132, 42.427205279469
-71.42107346501929, 42.42720613350647
-71.42107289950114, 42.42720694658992
-71.42107277364366, 42.427207385073814
-71.42107287628386, 42.427207635545074
-71.42107252240899, 42.42720819556843
-71.4210724751604, 42.42720849204198
-71.42107244415938, 42.42720876802847
-71.42107188922834, 42.42720927456208
-71.42107094108104, 42.42720990789324
-71.4210701907851, 42.427210402651546
-71.42106923296431, 42.42721105502929
-71.42106928554917, 42.42721096740268
-71.42106922759909, 42.42721096417082
-71.42106925094681, 42.42721090544514
-71.42106936115793, 42.427210788225544
-71.42106945496442, 42.42721068905345
-71.42106938644157, 42.42721099367128
-71.42106943578966, 42.42721117492059
-71.42106842544449, 42.42721182723879
-71.42106499773281, 42.427214007804245
-71.42106407449806, 42.42721438045791
-71.42106181490628, 42.427215763780005
-71.42106219678588, 42.427215220054975
-71.4210625452661, 42.42721472388439
-71.42106287972834, 42.42721424767278
-71.42106432221213, 42.42721271327323
-71.42106420312858, 42.42721239906858
-71.42106391264188, 42.427212221154285
-71.42106239212336, 42.42721298333426
-71.42106153544088, 42.4272133165706
-71.42106188203768, 42.42721276427132
-71.42106192202557, 42.42721246464983
-71.42106209969289, 42.42721209229827
-71.42106294683586, 42.42721125226694
-71.42106453822083, 42.427209890191264
-71.42106562261516, 42.427208913972215
-71.42106584057876, 42.4272085870406
-71.42106596807193, 42.42720835048541
-71.42106605320977, 42.42720814978526
-71.42106612586004, 42.427207978522716
-71.4210663554276, 42.427207693174275
-71.42106746263961, 42.42720677060523
-71.42106852216091, 42.42720589375249
-71.42106946841146, 42.42720511295612
-71.42107056409996, 42.42720422587171
-71.4210715971383, 42.4272033926042
-71.42107217842234, 42.42720290246728
-71.42107291746005, 42.42720229924022
-71.42107357068024, 42.42720176708911
-71.4210741471352, 42.427201293383945
-71.4210744637045, 42.42720101846657
-71.42107488405031, 42.42720066819015
-71.42107518361597, 42.4272004119823
-71.42107563155707, 42.4272000523963
-71.42107593686636, 42.42719980077978
-71.42107625283239, 42.42719953901656
-71.42107640213408, 42.42719940450767
-71.42107661806756, 42.42719922207138
-71.42107689570412, 42.427198997115255
-71.42107722360491, 42.42719873611515
-71.42107743220659, 42.42719856569047
-71.42107748071003, 42.4271985142894
-71.42107770968535, 42.42719833257241
-71.42107815243332, 42.42719799518976
-71.42107847406447, 42.42719794104355
-71.42107936648625, 42.42719781937495
-71.42108014540698, 42.42719770930108
-71.42108081447266, 42.427197660513066
-71.42108127951143, 42.42719768862669
-71.42108152021922, 42.42719788947211
-71.42108187925945, 42.4271979303458
-71.4210820086634, 42.42719815264231
-71.42108218431645, 42.42719828530682
-71.42108240341976, 42.427198374423
-71.42108260962208, 42.427198429470145
-71.42108271201973, 42.427198559096865
-71.42108284265682, 42.42719864242408
-71.42108353206174, 42.427198298204274
-71.42108333751298, 42.42719858721628
-71.42108234011424, 42.42719946299792
-71.42108101600569, 42.427200564980126
-71.42107982076402, 42.427201562962544
-71.4210790625726, 42.42720222367617
-71.42107837747619, 42.42720282570867
-71.42107780243707, 42.42720333382586
-71.42107720047639, 42.427203798994675
-71.42107699643677, 42.4272037453734
-71.42107691569672, 42.42720362346433
-71.42107687693407, 42.427203487974126
-71.42107685719067, 42.427203359344745
-71.42107686675185, 42.427203222565076
-71.42107689074412, 42.427203087669305
-71.42107694674222, 42.427202937957425
-71.4210769709398, 42.42720282353809
-71.42107707562033, 42.42720266110675
-71.42107716913428, 42.42720251022543
-71.42107723700538, 42.42720238761906
-71.42107734473872, 42.42720223835316
-71.42107744488105, 42.42720210688286
-71.42107765582563, 42.42720190347373
-71.4210778448363, 42.42720172408369
-71.42107783960361, 42.427201965339265
-71.42107800492411, 42.42720203875211
-71.42107801770969, 42.42720222201302
-71.42107782924909, 42.427202521000666
-71.42107760373155, 42.42720284524548
-71.42107746349961, 42.427203079314076
-71.4210773111715, 42.4272033212061
-71.4210772200924, 42.42720349548022
-71.4210771349329, 42.42720364874815
-71.42107713365671, 42.427203735392375
-71.42107707494607, 42.42720386942859
-71.42107702835746, 42.42720398660648
-71.42107705118055, 42.427204042278966
-71.42107707544771, 42.42720408820734
-71.4210771537335, 42.42720408954147
-71.42107716894373, 42.42720412873476
-71.42107716840255, 42.427204178363475
-71.42107745411325, 42.427204008423814
-71.42107751131573, 42.42720400651552
-71.42107757860316, 42.42720399276093
-71.42107763733516, 42.427204012285976
-71.42107765692596, 42.42720429944033
-71.42107756824477, 42.4272046372985
-71.42107755548679, 42.427204895575564
-71.4210774640881, 42.42720517518133
-71.42107749592556, 42.42720535678992
-71.42107748463832, 42.42720569184908
-71.42107746860248, 42.42720613144186
-71.4210774459561, 42.427206523852625
-71.42107750753436, 42.427206826942324
-71.42107763941878, 42.427207038786584
-71.42107770473272, 42.42720726449876
-71.42107777306165, 42.427207668608034
-71.42107781505572, 42.42720812336926
-71.42107778661295, 42.427208555437595
-71.421077639975, 42.42720907373518
-71.42107765271768, 42.42720940450086
-71.42107764380144, 42.427209744493716
-71.42107730338974, 42.42721026492788
-71.42107698437931, 42.427210722567125
-71.42107650935479, 42.4272116141077
-71.42107609847159, 42.427212374495745
-71.42107567269291, 42.427213113631105
-71.421075258281, 42.42721380874778
-71.42107486660024, 42.4272144462752
-71.42107448860996, 42.42721505197255
-71.42107413902406, 42.427215595419604
-71.42107383335976, 42.42721605668716
-71.42107356385246, 42.427216451849866
-71.42107312462949, 42.42721728696051
-71.4210727502053, 42.42721797211358
-71.4210723731769, 42.427218662409956
-71.42107200998996, 42.427219271726166
-71.42107163617969, 42.42721988487634
-71.42107128080059, 42.42722043738638
-71.42107093810266, 42.42722095490921
-71.42107064696705, 42.427221419327985
-71.4210703748158, 42.427221836770016
-71.42107008860843, 42.42722225616901
-71.42106973430289, 42.427222694846485
-71.42106949902745, 42.42722304001071
-71.42106927125892, 42.42722334979242
-71.42106968676649, 42.42722401316651
-71.42106997754318, 42.42722463471296
-71.42107027095813, 42.42722518483891
-71.42107038547223, 42.42722576202495
-71.42107055985852, 42.42722625739803
-71.42107067632168, 42.42722672280662
-71.42107074598462, 42.42722719629512
-71.42107079010142, 42.42722763346446
-71.42107074361734, 42.42722836121005
-71.42107069118371, 42.42722901054923
-71.42107063201401, 42.42722961564961
-71.42107044287849, 42.42723025467457
-71.42107033073279, 42.427230786385564
-71.42107031078638, 42.42723122909003
-71.4210702921924, 42.42723161890833
-71.4210700649396, 42.42723237153915
-71.42107000603163, 42.427232911021946
-71.42106999364648, 42.427233430504465
-71.4210697220918, 42.427234052672425
-71.42106971528382, 42.42723447926796
-71.42106954590545, 42.427234982519565
-71.42106930477982, 42.427235865530854
-71.42106914368898, 42.42723676460774
-71.42106890181215, 42.42723761565007
-71.42106868795335, 42.427238404683145
-71.42106855022111, 42.42723907255069
-71.42106838311284, 42.4272397033692
-71.4210681108422, 42.4272403165874
-71.42106769568541, 42.42724096062353
-71.42106694890724, 42.42724162186069
-71.42106587860998, 42.42724228061974
-71.42106517543276, 42.427242673154275
-71.42106415156357, 42.427243318582235
-71.4210635021595, 42.427243704225724
-71.42106283129858, 42.42724410729579
-71.42106215885269, 42.427244528201385
-71.42106170107752, 42.42724478952023
-71.42106110961461, 42.427245162188115
-71.42106060880755, 42.42724547013014
-71.42106030577705, 42.42724563994141
-71.42105985285316, 42.42724592356595
-71.42105928402891, 42.42724651423034
-71.42105857415379, 42.427247451698214
-71.42105811680092, 42.427248160222064
-71.42105780751156, 42.42724874065381
-71.42105741051739, 42.427249358932755
-71.42105723110424, 42.42724977371227
-71.42105690659861, 42.427250278129165
-71.4210565914692, 42.42725074058769
-71.42105569614827, 42.42725138620692
-71.4210547443312, 42.427252030821066
-71.42105409140817, 42.42725245490027
-71.42105317805357, 42.427253079468386
-71.42105216644121, 42.427253779989044
-71.42105136186683, 42.42725433158606
-71.42105087176506, 42.42725465778727
-71.4210502015474, 42.427255340040574
-71.42104937206375, 42.42725613719959
-71.42104903749829, 42.427256553116244
-71.42104858667771, 42.42725704241283
-71.42104803780765, 42.427257581667554
-71.42104758157056, 42.427258047086596
-71.42104735029295, 42.42725832445461
-71.42104681932764, 42.42725880510635
-71.42104601926879, 42.42725922632118
-71.42104508755979, 42.427259741648875
-71.42104388545128, 42.42726048762538
-71.42104341181992, 42.4272606919462
-71.42104297630983, 42.427260892768096
-71.42104237462485, 42.427261218424825
-71.42104128862124, 42.427261925443304
-71.42104082813745, 42.427262187408466
-71.4210397203469, 42.4272626196951
-71.42103849736397, 42.4272631924831
-71.42103767826471, 42.42726348742344
-71.42103674426372, 42.4272638913955
-71.42103612782503, 42.42726409499223
-71.42103543951902, 42.42726438249892
-71.42103513257071, 42.42726439666203
-71.42103439703206, 42.427264754516315
-71.42103382812822, 42.42726500700348
-71.42103312652674, 42.42726537121551
-71.42103265360522, 42.427265711256126
-71.42103166120584, 42.42726654000078
-71.42103107428741, 42.42726706435869
-71.42103046216319, 42.42726759448336
-71.42103015076343, 42.42726789810077
-71.42102942166022, 42.427268501759166
-71.42102920145767, 42.427268724376276
-71.42102863690215, 42.42726910001406
-71.42102769947604, 42.427269565974754
-71.4210265533109, 42.427270209944595
-71.42102554823937, 42.427270772796696
-71.42102474251143, 42.42727120739941
-71.42102389748239, 42.42727168454718
-71.42102333103689, 42.427271970090025
-71.42102244249507, 42.4272725047747
-71.42102179314853, 42.4272728490111
-71.42102091354559, 42.42727309594365
-71.42101989080213, 42.4272734989738
-71.42101855830177, 42.42727417744724
-71.42101771642103, 42.427274502882256
-71.42101692402147, 42.427274836814675
-71.42101593365389, 42.427275332289426
-71.42101529470457, 42.42727560942723
-71.42101444177602, 42.427276078439746
-71.42101355976666, 42.427276337489936
-71.42101242116637, 42.42727675962187
-71.42101125751864, 42.42727721777553
-71.42101045385752, 42.42727746400752
-71.42100976636843, 42.427277648587186
-71.42100887869978, 42.42727802573073
-71.42100821339095, 42.42727824586187
-71.4210077157005, 42.42727839065936
-71.42100699427408, 42.4272787377252
-71.42100630109111, 42.42727926444119
-71.42100579085829, 42.42727966982238
-71.42100506971177, 42.42728023011778
-71.42100470299984, 42.427280524732076
-71.42100420119029, 42.42728091806551
-71.42100384553933, 42.4272812011299
-71.42100361059663, 42.42728139290709
-71.4210032029179, 42.427281711017635
-71.42100170651281, 42.427282829973564
-71.421001571507, 42.42728294337303
-71.4210010611215, 42.42728333231552
-71.42100060383837, 42.427283564852765
-71.4209999435265, 42.42728354902798
-71.42099877400985, 42.42728396841595
-71.42099822738247, 42.42728397344565
-71.42099747945524, 42.42728415308069
-71.42099675861957, 42.427284348823754
-71.42099597226618, 42.427284530137634
-71.42099463128356, 42.42728497366152
-71.42099379089618, 42.4272850853752
-71.42099274414527, 42.42728541630542
-71.42099177002049, 42.42728573478461
-71.42099123902194, 42.4272857634716
-71.42098998149739, 42.4272863588241
-71.42098905039488, 42.427286348613414
-71.42098802538241, 42.427286366648794
-71.42098672577374, 42.42728662866092
-71.42098590394481, 42.4272865932862
-71.42098487037178, 42.4272867732274
-71.42098400603471, 42.42728690060853
-71.42098330877697, 42.42728699770809
-71.4209824850593, 42.427287161123445
-71.42098089359116, 42.42728765190818
-71.42097979794596, 42.427287827588444
-71.42097854014779, 42.427288189859134
-71.42097728178194, 42.42728863820532
-71.42097639200243, 42.427288830283
-71.4209752597275, 42.42728929726013
-71.42097398707529, 42.42728989030566
-71.42097276658875, 42.42729013137897
-71.4209713832073, 42.42729058423134
-71.42097037485625, 42.42729081512693
-71.420969219914, 42.4272911812606
-71.42096833510996, 42.42729141101121
-71.42096742062793, 42.42729170049043
-71.42096659651457, 42.42729195622785
-71.42096577889622, 42.42729225155855
-71.42096504045483, 42.42729251177696
-71.42096461590096, 42.42729255872908
-71.42096381567316, 42.42729280284795
-71.42096243247516, 42.427293108881955
-71.42096138307339, 42.42729324171561
-71.4209603841271, 42.42729338465464
-71.42095956611422, 42.42729344337679
-71.4209587584566, 42.42729357569412
-71.42095783089322, 42.42729380855557
-71.42095687696435, 42.42729377702237
-71.42095568199821, 42.42729381628046
-71.4209546847518, 42.427293765209235
-71.42095362476599, 42.427293843919855
-71.42095265801528, 42.42729391875473
-71.42095090780644, 42.427294364052415
-71.42094881528723, 42.42729464807229
-71.42094691256175, 42.42729494446593
-71.42094509884397, 42.42729520892977
-71.42094350865979, 42.42729536726121
-71.42094171063552, 42.427295801619536
-71.42093845262299, 42.42729717847661
-71.42093651483866, 42.42729761659383
-71.42093470577917, 42.427298047961344
-71.42093333276475, 42.42729829481452
-71.42093191000896, 42.427298593120554
-71.42092986362292, 42.427299522539755
-71.42092821479639, 42.42730029854387
-71.4209261418781, 42.42730096160026
-71.42092461041975, 42.42730125949697
-71.42092305183985, 42.42730168982002
-71.42092166270687, 42.427302069026794
-71.42092065255767, 42.427302230958404
-71.42091995516878, 42.427302191082696
-71.42091925016142, 42.427302239384446
-71.42091859620426, 42.42730227610869
-71.42091798051804, 42.42730236234733
-71.42091722512143, 42.42730255087155
-71.42091626734499, 42.42730264526989
-71.42091522264388, 42.42730263922757
-71.42091479828144, 42.427302201654825
-71.42091397825489, 42.427302164879954
-71.42091349023595, 42.42730191506834
-71.42091286900755, 42.427301821713456
-71.42091180586074, 42.42730210534792
-71.42091057915957, 42.427302265117284
-71.42090944916035, 42.42730244489119
-71.42090838832559, 42.427302630948404
-71.42090723728883, 42.42730294406765
-71.42090623661883, 42.42730321834216
-71.42090550321005, 42.42730331725597
-71.42090421393654, 42.42730361235563
-71.42090203004932, 42.42730462827747
-71.42090025952673, 42.42730536816195
-71.42089907963995, 42.42730574598054
-71.42089836183916, 42.42730580186136
-71.42089765672121, 42.42730588020939
-71.42089671069589, 42.4273062047644
-71.42089602789738, 42.42730640263943
-71.42089473516869, 42.42730646484389
-71.42089363830245, 42.42730647865878
-71.42089247225977, 42.42730665562575
-71.42089151405126, 42.42730671144446
-71.4208905566146, 42.427306852968556
-71.42088961784398, 42.427307019979686
-71.42088859422071, 42.42730735576692
-71.42088780362243, 42.427307594832826
-71.42088655075206, 42.427307835482395
-71.42088539697366, 42.427308049542496
-71.4208843285521, 42.42730826673431
-71.42088331590574, 42.42730849688377
-71.42088246017305, 42.427308661810336
-71.42088149958701, 42.427308967799696
-71.42088089614867, 42.42730902130794
-71.42088082928605, 42.42730871083599
-71.42088104422709, 42.42730823838684
-71.42088133318104, 42.42730773191786
-71.42088161497018, 42.427307274508436
-71.42088191887308, 42.427306801765084
-71.42088221627631, 42.42730638047339
-71.42088117654227, 42.427306084154544
-71.42088030418145, 42.42730579024948
-71.42087939420102, 42.42730551379002
-71.4208786885645, 42.42730524698486
-71.42087801008883, 42.42730496350266
-71.4208774912989, 42.427304654261626
-71.42087664666377, 42.42730460943483
-71.42087466203262, 42.4273051258242
-71.42087272886086, 42.42730573529188
-71.42087128258983, 42.42730607950144
-71.42087015835317, 42.42730621693815
-71.42086946767479, 42.42730615107761
-71.42086884447794, 42.42730642789526
-71.42086838061995, 42.427306618150254
-71.42086794225307, 42.42730679288349
-71.42086757141769, 42.4273069404631
-71.42086714274221, 42.42730713616283
-71.42086661873456, 42.42730742194457
-71.42086611932554, 42.427307691892636
-71.42086570574108, 42.427307910991296
-71.42086540048524, 42.42730806403167
-71.42086533897677, 42.4273080483219
-71.42086523203187, 42.42730806175185
-71.42086511657457, 42.4273080807216
-71.42086518931958, 42.427307969606915
-71.42086518436794, 42.42730791919721
-71.4208651980276, 42.42730786243768
-71.4208651984157, 42.42730781848383
-71.42086513872965, 42.42730782330279
-71.42086485650826, 42.427307995419866
-71.42086466301151, 42.427308109140306
-71.42086450895738, 42.42730819834493
-71.42086380912103, 42.427308475109555
-71.42086309990435, 42.42730876320166
-71.42086200682807, 42.427309336758874
-71.42086089285478, 42.42730994942135
-71.42085984440816, 42.42731053850005
-71.420858947216, 42.427311028616955
-71.42085808709037, 42.42731150544107
-71.42085737083812, 42.42731189754638
-71.42085670538488, 42.42731226592114
-71.42085597860014, 42.42731268894419
-71.42085534398721, 42.42731305599732
-71.42085475756147, 42.42731339342438
-71.42085421298503, 42.427313768459506
-71.42085354992169, 42.42731441944763
-71.42085316344514, 42.42731483619427
-71.42085294686105, 42.427315134662756
-71.420852892546, 42.42731529070017
-71.42085284615169, 42.427315437684186
-71.4208527717624, 42.42731558464568
-71.4208526638386, 42.42731575535605
-71.42085254138885, 42.42731595949328
-71.42085232467795, 42.42731648548118
-71.42085215950384, 42.427316916263926
-71.4208520152389, 42.42731733278223
-71.42085190913541, 42.42731768391276
-71.42085197622515, 42.4273178792682
-71.4208522064519, 42.42731792686075
-71.42085267205613, 42.42731802233693
-71.42085282814473, 42.427318380839786
-71.42085290447888, 42.42731877468461
-71.42085266943792, 42.42731935052911
-71.42085245190411, 42.42731986271574
-71.42085225439337, 42.42732032775775
-71.42085208452004, 42.42732072772703
-71.42085194768644, 42.42732104990379
-71.42085180583747, 42.42732148421169
-71.42085161091478, 42.42732232526517
