servo value       theta       delx (from centerline)
-25                0
-20                             .6
-15                               1
-10                             1.5
-5                              2
0                               2.6
5                               3.1
10                              3.4
15                              3.8
20                              4.2
25                              4.6
30                              5.1
35                              5.3
-30                             -.9
-35                             -1.5
-40                             -2.2
-45                             -2.6
-50                             -3.0
-55                             -3.5
-60                             -3.8
-65                             -4.2
-70                             -4.5
-75                             -4.8

49.5

asin(delx / hypotenuse)
