long, lat
-71.42083704471588, 42.42732027318888
-71.42084482966253, 42.42731375789154
-71.42086192571189, 42.427320550825286
-71.42086915035695, 42.42732455489563
-71.42087249916986, 42.42732078683875
-71.42087208496113, 42.427315431179814
-71.42086151193784, 42.427314297094775
-71.42085359627653, 42.42731648297883
-71.42084441828639, 42.427318687989796
-71.42083071240525, 42.42731804743368
-71.42081516799777, 42.42731879132668
-71.42079650522783, 42.42732312666918
-71.4207897894847, 42.427317992378306
-71.420779002932, 42.42731119000891
-71.42076206741872, 42.42730461623136
-71.42074708375382, 42.427298731202015
-71.42073629211309, 42.427294807737745
-71.42072397557942, 42.42728970698933
-71.42071192485872, 42.42728350984784
-71.42069808245633, 42.4272767955335
-71.42068644375104, 42.42727249216729
-71.42067750847349, 42.42726853040057
-71.42066705107658, 42.42726452059144
-71.42065381405054, 42.42725716349833
-71.42064426692022, 42.42725105800342
-71.4206354686277, 42.4272474805229
-71.42062449547693, 42.42724231900994
-71.42060838722126, 42.427233984023935
-71.4205950079675, 42.427227946199864
-71.4205848878943, 42.427220797455234
-71.42057958535666, 42.42721643732835
-71.42057163418554, 42.42721046483992
-71.42056355163736, 42.42720751974716
-71.42055756833163, 42.42720803594301
-71.42055728306472, 42.427205546515225
-71.4205591964795, 42.42720167315778
-71.42056543089336, 42.42719569931395
-71.4205719051517, 42.427190881574724
-71.42057743471855, 42.42718700261489
-71.4205848224192, 42.42718195207829
-71.42059442070959, 42.4271740605665
-71.42060571521031, 42.42716745752544
-71.42061209771663, 42.427166120963626
-71.42061708428024, 42.42716367535179
-71.42062611283745, 42.427157930756074
-71.42063617637042, 42.42715136181707
-71.42064320142637, 42.42714666876461
-71.42065329685198, 42.42714135945603
-71.42066201232825, 42.42713813293249
-71.4206727760824, 42.42713567759179
-71.42068693638028, 42.42713079466728
-71.42069891455517, 42.42712586442145
-71.4207116819077, 42.42712155362968
-71.4207253165103, 42.42711475041906
-71.42073769950062, 42.42710861880324
-71.42074618619122, 42.427105448021855
-71.42075573962909, 42.42710283125273
-71.42076754366732, 42.42709853335299
-71.42077722031584, 42.42709839702507
-71.42078831654119, 42.42709460193831
-71.42080014017596, 42.42709734819315
-71.42081231872487, 42.42710105996004
-71.42082364689409, 42.427103333740824
-71.42083595976206, 42.42710403688999
-71.42084466459461, 42.42710503423349
-71.42085907565901, 42.427104245381734
-71.42087271526655, 42.42710475021128
-71.42088424624828, 42.42710549611034
-71.42089178612152, 42.42710719432864
-71.42090767030209, 42.427107937022924
-71.42091982247831, 42.42710835374487
-71.42093210422571, 42.42711140179204
-71.42094596014915, 42.427111512729645
-71.42095761162558, 42.427113697800266
-71.42097094769208, 42.42711442629225
-71.42098212551488, 42.42711686489324
-71.42099259165133, 42.4271175105518
-71.42100092347759, 42.427119189090035
-71.42101283979149, 42.427122679963624
-71.42102401510826, 42.42712303452297
-71.42103484425702, 42.4271227353917
-71.42104275681172, 42.4271236584869
-71.42105519748446, 42.42712663475924
-71.42106445636537, 42.42713137276645
-71.42107423401106, 42.42713267747599
-71.42108003490358, 42.427137659932164
-71.42108273397157, 42.42714229401591
-71.42108630277798, 42.42714874227275
-71.42109184259265, 42.42715175536899
-71.42109281749394, 42.427154852092
-71.42109239984313, 42.42715784313116
-71.4210928297872, 42.42716282058781
-71.42109032787278, 42.427170386765106
-71.42109019051776, 42.42717321599813
-71.42109041477093, 42.42717646096914
-71.42109017160364, 42.427181162478675
-71.42108843643268, 42.42718795986376
-71.42108591937851, 42.427193789650914
-71.42108561222702, 42.4271981221658
-71.4210842895298, 42.4272045682975
-71.42108233536298, 42.42721025527092
-71.42108092124653, 42.42721658601943
-71.42107845913645, 42.427221773566075
-71.42107688418912, 42.427227846049554
-71.42107494034182, 42.427234354026474
-71.42107414620625, 42.42723547563511
-71.42107396302588, 42.427236282644536
-71.42106798879625, 42.42724171369921
-71.42106097459899, 42.42724759067194
-71.4210557349994, 42.427249312358704
-71.42105034986844, 42.42725375531582
-71.42104276132653, 42.42725976225109
-71.4210347615701, 42.42726412332116
-71.42102551539934, 42.427270640899614
-71.42102228331814, 42.42727158375243
-71.42101788660312, 42.42727243049389
-71.42100824254042, 42.42727556025134
-71.42099915493849, 42.427276677000584
-71.42099138367702, 42.427276423011
-71.42098527717448, 42.427276081189376
-71.42097530699132, 42.42727660048098
-71.42096451431712, 42.42727834446559
-71.42095525457434, 42.42728017702232
-71.42094688037437, 42.42728290002619
-71.42093968129325, 42.42728318666593
-71.42092425983444, 42.427284358448546
-71.42091203211909, 42.427286029446144
-71.42090356102098, 42.42728652740235
