long, lat
-71.42083704471588, 42.42732027318888
-71.42084895608362, 42.42729981049113
-71.42086548122148, 42.42729531991843
-71.4208713578228, 42.42729406698913
-71.42086502499964, 42.427295628593036
-71.42085201905128, 42.42729738724355
-71.42083962701582, 42.42729940205916
-71.42082655187133, 42.42730270476867
-71.42081778170619, 42.427304187910885
-71.42080844717408, 42.42730510632223
-71.4207928886364, 42.4273070422369
-71.42078341053463, 42.42730835425837
-71.42077341828924, 42.427308396578965
-71.42076279929715, 42.427307925280466
-71.42074954200744, 42.42730447360721
-71.42073899320296, 42.42730250146901
-71.42072773402899, 42.427299441758684
-71.42071842908325, 42.427297019713464
-71.42070584164593, 42.427293207107375
-71.42069355519193, 42.427287716074076
-71.42068444288628, 42.42728278681433
-71.42067467054387, 42.4272771210598
-71.4206653023491, 42.427272175806394
-71.42065360451255, 42.42726525614358
-71.420637980874, 42.42725923700946
-71.42062484009368, 42.42725534621594
-71.42061747898418, 42.42725138316807
-71.42060831148967, 42.42724487800435
-71.42059891017058, 42.42723687048042
-71.42058599212987, 42.427227993597604
-71.4205762274684, 42.42722086873719
-71.4205703728307, 42.42721647951107
-71.42055762393905, 42.427210714391705
-71.42054413432115, 42.427208049366286
-71.42053434304468, 42.427205725302755
-71.4205256040812, 42.42720654662411
-71.42051791178376, 42.42720940941286
-71.42050787122166, 42.42721235735587
-71.42049761471375, 42.42721645226138
-71.42048957382426, 42.42722186474652
-71.42048269182825, 42.42722599951243
-71.42047464790876, 42.42723012827637
-71.42046326899973, 42.42723392895111
-71.42045244248689, 42.42723612014951
-71.4204438314393, 42.42723848922733
-71.42043638303036, 42.42724137417402
-71.42042232621509, 42.42724549443862
-71.42041264032402, 42.42724761553239
-71.42040016369056, 42.427249835150946
-71.4203900130123, 42.42725175742333
-71.42037673357416, 42.42725416275728
-71.42036575358196, 42.427256521205194
-71.42035080211842, 42.42725877622047
-71.4203415743559, 42.42725869079837
-71.42033073946848, 42.427260387672305
-71.42031599926672, 42.42726286693293
-71.42030420535929, 42.42726608370815
-71.42029470103218, 42.42726841896812
-71.42028208064956, 42.4272719464214
-71.42027176933212, 42.42727456908012
-71.42025784872642, 42.42727827521198
-71.4202444931714, 42.42728171002147
-71.42023300517045, 42.42728475337933
-71.42022555438969, 42.427286835667694
-71.42021416660545, 42.427288316147205
-71.42020088099923, 42.42729035825834
-71.42018853308073, 42.427290310898506
-71.42017741812069, 42.42729080954463
-71.42016829150722, 42.42729146187935
-71.42015312430073, 42.427292413392024
-71.42013959142182, 42.427294525394785
-71.42012412589514, 42.4272967139146
-71.42010953065382, 42.42729852195767
-71.42009841117307, 42.427298889704765
-71.42008301349686, 42.42730094295693
-71.42007007297728, 42.427300832778634
-71.42005378483931, 42.42730284895186
-71.4200422302516, 42.42730443846975
-71.42002870070056, 42.42730505555107
-71.42001377477247, 42.42730620421547
-71.42000222396568, 42.42730718341857
-71.41998848570314, 42.42730724763127
-71.41997500749159, 42.42730919680424
-71.41996082024957, 42.427309739860625
-71.41994635497383, 42.42731023370468
-71.41993182434928, 42.42731106489603
-71.41992144306245, 42.42731116417451
-71.41990880109708, 42.42731100118446
-71.41989642681403, 42.42730923449137
-71.4198867147408, 42.427307684821926
-71.41987289936289, 42.42730779693959
-71.41986297610836, 42.42730712558196
-71.41984719721034, 42.42730617451851
-71.41983735236956, 42.42730463925157
-71.41982406659886, 42.42730444419924
-71.41981452819199, 42.42730416763706
-71.41980416440754, 42.42730509677102
-71.41979144938387, 42.42730633675306
-71.41977849397225, 42.427307710120644
-71.41976947062756, 42.42730991229208
-71.41976049117996, 42.42731006436727
-71.41974786395748, 42.427309678753716
-71.41973699081994, 42.42730929836325
-71.41972672835725, 42.42730973925516
-71.41971379718082, 42.42730955741808
-71.41970126074784, 42.42731048821337
-71.41969142147757, 42.42731121705429
-71.41967717126911, 42.42731207923417
-71.41966716759973, 42.42731256957616
-71.4196565408544, 42.42731468740027
-71.41964700564775, 42.427316590981306
-71.41963822263692, 42.4273182634568
-71.41962716920283, 42.42732179259656
-71.41961607187605, 42.427324008439214
-71.41960498980819, 42.42732616669707
-71.41959529833875, 42.427328734726466
-71.41958786716117, 42.4273308799145
-71.41957902375903, 42.427335999071
-71.41956921706037, 42.42734063078743
-71.41956249494208, 42.42734323409421
-71.4195563889926, 42.42734546914634
-71.41954945540294, 42.427347552138336
-71.41954005584704, 42.42734889338105
-71.4195289877118, 42.42734831825563
-71.41951900919351, 42.42734734019653
-71.41951291189439, 42.42734577176634
-71.41950834561666, 42.42734552159258
-71.41950342236075, 42.42734347386262
-71.41949729047586, 42.42733995767319
-71.41949418274592, 42.42733616136135
-71.41949368862466, 42.4273323457444
-71.41949253006831, 42.427327807148615
-71.41949152505107, 42.4273243278202
-71.41949174458209, 42.42731911754532
-71.41949247542199, 42.4273145531908
-71.41949352420296, 42.4273093850583
-71.41949280674721, 42.427302360839285
-71.41948904445347, 42.42729796024212
-71.41948559007488, 42.42729255027205
-71.4194849659241, 42.42728683429284
-71.41948428668458, 42.4272806552726
-71.41947755612443, 42.42727640178198
-71.41946909523229, 42.42727539925602
-71.41946292629339, 42.42727467846623
-71.4194560201987, 42.42727403196262
-71.41944817643366, 42.42727166266265
-71.41944471266423, 42.42726760003875
-71.41943795943719, 42.42726403109968
-71.41943463145718, 42.42726093148822
-71.41942563409631, 42.427258357431725
-71.41941904112748, 42.42725345926289
-71.41941147484052, 42.4272498671397
-71.41940749919198, 42.42724670794252
-71.41940489249475, 42.42724459834727
-71.41940444494877, 42.42723971555279
-71.41940244717884, 42.42723430054456
-71.41939847042914, 42.427229280308836
-71.4193962061103, 42.42722498808567
-71.419394636831, 42.427218903778844
-71.41939364021354, 42.42721365329385
-71.4193927399855, 42.427207342871874
-71.41939237721412, 42.42720169068392
-71.41938978083908, 42.427195582973134
-71.41938625836964, 42.427190995558874
-71.41938446529305, 42.427185419629986
-71.41937804619315, 42.42718175846214
-71.41937491559536, 42.42717841106935
-71.4193734157193, 42.427173611193744
-71.41936777113591, 42.427167960990644
-71.41936558422589, 42.427160636534715
-71.4193660377148, 42.4271547602385
-71.41936362377702, 42.427149029723736
-71.41935858691832, 42.42714464825031
-71.41935249756062, 42.427138787895366
-71.41934776313752, 42.427134467265994
-71.41934520700504, 42.427129399855225
-71.4193397468628, 42.427124634322844
-71.41933543798567, 42.427116997417045
-71.41933368888269, 42.427112458539646
-71.41932746840521, 42.427106498257295
-71.41932416397992, 42.427100570714806
-71.4193207705501, 42.42709709086925
-71.41931342072245, 42.427093007507956
-71.4193086464466, 42.427091097636946
-71.41930593507637, 42.42708728543045
-71.41930375531068, 42.427083421097294
-71.41930673378391, 42.427079657820066
-71.41930874916659, 42.42707628098444
-71.4193116984216, 42.42707255810933
-71.41931889853241, 42.4270665654554
-71.41932673483609, 42.427063275256
-71.41933417840565, 42.42706263109227
-71.41933937666874, 42.42706138898353
-71.41934587953381, 42.4270599337322
-71.41935352758324, 42.42705939302114
-71.41936380333038, 42.4270597891488
-71.41936979727049, 42.427061492982666
-71.41937795558154, 42.42706470507672
-71.41938553986962, 42.42706769191708
-71.41938916467085, 42.42707348095914
-71.41939237950588, 42.42707918303694
-71.41939446141723, 42.42708359779037
-71.41939606353611, 42.427088206113886
-71.41939771369293, 42.42709413295805
-71.41939905328174, 42.42709956988086
-71.41940424547526, 42.42710317027507
-71.41940667831349, 42.427107948907384
-71.41940699146024, 42.42711428767995
-71.41940652189368, 42.427122084616414
-71.41940965144023, 42.427128010341185
-71.41941164627512, 42.42713231490549
-71.41941634746183, 42.42713830379858
-71.41942013173434, 42.42714520778782
-71.41942255223682, 42.427151022504596
-71.41942369524004, 42.427156594214615
-71.41942629546887, 42.4271634256122
-71.41943082053902, 42.427170708989024
-71.41943342513208, 42.427176502194484
-71.41943609080941, 42.427181448111305
-71.41944108800682, 42.427188058378924
-71.41944312364419, 42.42719540241505
-71.41944815926931, 42.427202047329224
-71.41945123191188, 42.42720800015198
-71.41945133633008, 42.427214059769874
-71.41945000314966, 42.427222322589984
-71.41945021156549, 42.4272289457918
-71.41945544213225, 42.42723497956561
-71.4194596373763, 42.42723896513103
-71.41946119783978, 42.42724387330329
-71.41946504397868, 42.427249135045166
-71.41947153034837, 42.42725357294869
-71.41947869878163, 42.427259579374414
-71.41948160824157, 42.4272636017448
-71.41949493859194, 42.427265917823384
-71.41950478442782, 42.42726692152456
-71.41951497393705, 42.42726732114012
-71.41952274632094, 42.42726720653106
-71.41953161535855, 42.42726829534741
-71.4195397593304, 42.42726982360597
-71.41954819200953, 42.427272009635345
-71.41955563185506, 42.427273587999025
-71.41956182365256, 42.4272744819522
-71.4195712972299, 42.42727526581585
-71.41958003813532, 42.42727686043453
-71.41958875730693, 42.42727804987298
-71.41959408774969, 42.42728049673368
-71.41960217194551, 42.427283511768614
-71.41961064999896, 42.42728539909098
-71.41962001703152, 42.42728458637055
-71.41963018569804, 42.42728512440629
-71.41964146397478, 42.427284138723316
-71.4196500938699, 42.42728600333836
-71.41965884538958, 42.427285784838375
-71.41966883924489, 42.42728549767285
-71.41967639679703, 42.42728546751234
-71.41968998341473, 42.427285562581794
-71.41970235915173, 42.4272868211093
-71.4197133702019, 42.427288011218245
-71.41972688272871, 42.427289168465244
-71.41973800823969, 42.42729394832033
-71.41975276308689, 42.42729827106957
-71.41976396743792, 42.427302530173186
-71.41977474983223, 42.42730536534227
-71.41978609798845, 42.42730777177521
-71.41979890743977, 42.42731024719673
-71.41980939551667, 42.427311866182144
-71.41981951833233, 42.42731306077658
-71.4198310583983, 42.42731351999082
-71.41984007906589, 42.42731580073386
-71.4198490867575, 42.42731686141452
-71.4198579157791, 42.4273172818864
-71.4198695337062, 42.42731935732805
-71.41987834032591, 42.427321833346944
-71.4198895815834, 42.42732400114257
-71.4198983188797, 42.42732465910223
-71.41990835998855, 42.42732499859945
-71.41991912344058, 42.42732523714154
-71.41993014902047, 42.42732611195989
-71.41993977066814, 42.42732707531798
-71.41995269311292, 42.42732773935687
-71.41996397295979, 42.427328776335045
-71.41997448789286, 42.42732908137389
-71.4199801355013, 42.42732952211105
-71.41998793416148, 42.42732931331942
-71.41999689219107, 42.42732984969086
-71.42000777052374, 42.42732741812421
-71.42001519452496, 42.427326617111035
-71.42002445059477, 42.42732675135121
-71.42003609681069, 42.4273246660166
-71.42004590190487, 42.42732397482999
-71.420054874378, 42.42732299233616
-71.42006715806593, 42.427319322299375
-71.42007422283294, 42.42731712153427
-71.42008142309845, 42.42731543182131
-71.4200863423922, 42.4273159663439
-71.42009422589899, 42.427316329184066
-71.42010014260642, 42.42731671779875
-71.42010686981381, 42.42731921555638
-71.42011512429471, 42.42732023785094
-71.42012442711042, 42.42732009661636
-71.42013127358395, 42.42732019543257
-71.42013900185704, 42.427320404850995
-71.42014714998729, 42.427319961158325
-71.42015701416587, 42.42731905104726
-71.42016643340189, 42.4273185916822
-71.42017544615757, 42.427318628467944
-71.42018098315033, 42.427317988558
-71.42018979358451, 42.4273162916935
-71.42019868612525, 42.42731422425916
-71.42020747624278, 42.427313010612146
-71.42021716513328, 42.427309504512316
-71.42022452324163, 42.42730764130676
-71.42023265933351, 42.42730656427201
-71.42024133709197, 42.42730445889275
-71.42024775607179, 42.427303636285124
-71.42025212972446, 42.42730408523419
-71.42025804575539, 42.42730633750709
-71.4202653904149, 42.42730814973316
-71.42027092275248, 42.4273106562426
-71.42027481477442, 42.42731396045521
-71.42028338809843, 42.427315070633966
-71.4202936100885, 42.427314223932754
-71.4203012942611, 42.427313514134575
-71.420311205425, 42.42731133391265
-71.42031887345927, 42.427310805951535
-71.42032619012423, 42.42730856355501
-71.42033209970046, 42.42730765851447
-71.42033976346491, 42.4273046592701
-71.4203467644334, 42.427302439578135
-71.42035127492582, 42.42729918255464
-71.4203596874582, 42.427294671052316
-71.42036476699072, 42.42729273820854
-71.42037347814492, 42.42728902008892
-71.42037976116679, 42.42728590982201
-71.42038531431844, 42.42728190405925
-71.42039427199236, 42.42727954809959
-71.42040099558024, 42.42727591870311
-71.42040585016429, 42.42727271822649
-71.42041073848758, 42.42727008907503
-71.42041597047688, 42.42726720120298
-71.42042041950978, 42.42726337441647
-71.42042488567687, 42.427260625602734
-71.42043247045135, 42.42725688457793
-71.42043561362591, 42.42725389680447
-71.42044240183843, 42.42725042671799
-71.42044931794372, 42.42724841346963
-71.42045792641467, 42.42724458514422
-71.42046782436343, 42.42723948787275
-71.42047585953166, 42.427235278918346
-71.4204787172812, 42.42723402090899
-71.42048362655215, 42.42723315714319
-71.42049462190668, 42.42722866377158
-71.42050402116645, 42.42722625248136
-71.42051257323173, 42.42722516843301
-71.42051802032728, 42.4272261527575
-71.42052415852906, 42.42722801850333
-71.42053106204382, 42.42722671574457
-71.42053540790532, 42.427227968160004
-71.42054047401696, 42.42723102561798
-71.42054881419787, 42.42723142427218
-71.42055423771, 42.42723323815971
-71.42056019469092, 42.427236485307816
-71.42056421232675, 42.427237789257454
-71.42056928236934, 42.427239560426216
-71.4205733854873, 42.42724278079702
-71.42057920884255, 42.42724593458199
-71.42058641512457, 42.427247698922514
-71.42059216476974, 42.427248861185454
-71.4206019768399, 42.427250419563784
-71.42060620980467, 42.42725283531885
-71.42061209183716, 42.427256302745114
-71.42061737566394, 42.42725843554727
-71.42062271072291, 42.427261920076496
-71.42062995372574, 42.42726682413006
-71.42063504971368, 42.42726977402206
-71.42064228785476, 42.427273215966956
-71.42064781440443, 42.42727576794847
-71.42065471457586, 42.42727845779223
-71.42066192162629, 42.42727948370045
-71.4206671097264, 42.4272821130999
-71.42067473835755, 42.42728557723415
-71.42067875209148, 42.42728914479923
-71.42068439566548, 42.42729305531296
-71.42069055556452, 42.42729745690008
-71.42069821768851, 42.427301532484606
-71.42070152315164, 42.42730417817717
-71.42071056482963, 42.42730940152995
-71.42071992785189, 42.427312591281265
-71.42072872447064, 42.427315198214394
-71.42073708051862, 42.42731672543704
-71.42074405780946, 42.42731749248228
-71.42075336800279, 42.427319581054874
-71.42076327190937, 42.4273210762201
-71.42077261419418, 42.42732307260912
-71.42078031055603, 42.42732266117199
-71.42079044049407, 42.42732400654186
-71.42079858139094, 42.427324129585394
-71.42080777689299, 42.42732218967691
-71.42081521820816, 42.42732133675133
-71.42082835729285, 42.42731734824344
