long, lat
-71.42086252570152, 42.4273123538726
-71.42086711018034, 42.4272947343305
-71.4208673993476, 42.42730414129963
-71.42086708066215, 42.42731341512555
-71.42086592752179, 42.427321794548895
-71.4208646632853, 42.42732692625586
-71.42084951316487, 42.427342489452776
-71.42083576066416, 42.42735442527264
-71.42082314848467, 42.427362567071995
-71.42080985286847, 42.42736940074979
-71.4208018513649, 42.42737211334998
-71.42079329303414, 42.42737389465701
-71.42078380567862, 42.427375415296574
-71.42077539756892, 42.42737781818747
-71.42076869175946, 42.427377013067485
-71.42076211424407, 42.427376536641106
-71.42075479325717, 42.42737783237557
-71.42074787597261, 42.42737659029438
-71.42074461430795, 42.42737574656087
-71.42073978231531, 42.42737454877128
-71.42073085652794, 42.427374622421006
-71.42072661038968, 42.42737144622346
-71.42072235699129, 42.42736690355727
-71.42071704294548, 42.42736608220265
-71.42071132683695, 42.427366148699384
-71.42070812314125, 42.42736122127882
-71.42070076634333, 42.42735796825311
-71.4206966637634, 42.42735431851455
-71.42069489731331, 42.427347718835556
-71.42068552607327, 42.427347453681136
-71.42067924921652, 42.427345942128
-71.42067348691921, 42.42734100140045
-71.42066736641817, 42.427337802156714
-71.42066150345286, 42.42733689198375
-71.42065755541743, 42.42733149985989
-71.42065265296415, 42.427326558546824
-71.42064808362055, 42.4273233753943
-71.42064624362675, 42.4273184898319
-71.42063717701724, 42.42731484802555
-71.42063042026021, 42.427309741196815
-71.42062602201842, 42.42730494030924
-71.42062272964579, 42.42730105181311
-71.42061118450296, 42.42729688841396
-71.42060233318642, 42.427294437725514
-71.42060000642017, 42.42729151368034
-71.4205912584657, 42.42728366884207
-71.42058172893977, 42.427278506065164
-71.4205727159167, 42.42727541658928
-71.42056853034384, 42.427266643419145
-71.42056584344053, 42.427260350508696
-71.42055808513346, 42.42725894668563
-71.42056086920724, 42.427252269872625
-71.42056471003158, 42.42724452052436
-71.4205642544515, 42.42724132943342
-71.42056424266852, 42.427238970354495
-71.42057161942594, 42.42723105411001
-71.42057906235843, 42.42722381346318
-71.42058591767926, 42.42721809229659
-71.42058716799148, 42.427216267210355
-71.42058807874342, 42.42721605002101
-71.42059571592937, 42.42721029877616
-71.42060015183895, 42.42720747658471
-71.4206054191186, 42.42720450915156
-71.42061193097513, 42.42720043039814
-71.4206177790604, 42.42719747781359
-71.42062341338907, 42.4271945266527
-71.4206268596319, 42.427193437137056
-71.4206328735937, 42.42719041131157
-71.4206378134731, 42.42718783745479
-71.42064453725197, 42.42718364592687
-71.42065004332288, 42.427180582707756
-71.42065499572587, 42.4271773354582
-71.42065938558346, 42.42717584350556
-71.42066451696748, 42.427173441776326
-71.42066756398896, 42.42717161120912
-71.42066582784965, 42.427173434664624
-71.42067383026446, 42.42716893698335
-71.42067599287891, 42.427167208614335
-71.42068244072041, 42.42716365515246
-71.42069227801503, 42.427157400163246
-71.4207009167331, 42.42715175946946
-71.42070745571256, 42.42714828125913
-71.42071570370805, 42.42714340007563
-71.42072314188178, 42.42713905992841
-71.42072967014751, 42.427135315620845
-71.42073665016116, 42.42713115530737
-71.4207418951645, 42.42712796194585
-71.4207488153464, 42.4271249951193
-71.42075599147746, 42.427121346675456
-71.42076247488798, 42.42711838037619
-71.42077014168996, 42.42711455660547
-71.42077654743457, 42.42711223345416
-71.42078359954155, 42.42710950984802
-71.42079161842908, 42.42710721518824
-71.42080017836486, 42.42710321928452
-71.42080752889838, 42.427100613451444
-71.42081434255226, 42.4270992654442
-71.42082207681976, 42.42709804394976
-71.42082914117067, 42.42709652026374
-71.42083820738097, 42.42709412345151
-71.42084485877673, 42.42709312136509
-71.42085406638307, 42.427091332240984
-71.42086349384252, 42.42708880700299
-71.42087234697105, 42.427086946594535
-71.4208781822833, 42.4270862069844
-71.42088580386299, 42.42708692354771
-71.42089529360432, 42.4270856368957
-71.4209062147118, 42.42708669823247
-71.42091371211032, 42.42708869480769
-71.42091863250734, 42.42708927429122
-71.42092951471675, 42.427091341111975
-71.42093976914475, 42.42709175568106
-71.42094855240173, 42.427091497136594
-71.42095557719561, 42.427092239564885
-71.42096489171195, 42.427092861538554
-71.42097245036665, 42.42709547106304
-71.42097877685119, 42.427097888168824
-71.42098721993403, 42.42709829827681
-71.42099473471642, 42.42709937641679
-71.42100270997791, 42.427100375322134
-71.42101085995876, 42.42710097063196
-71.4210188962651, 42.42710205239723
-71.42102651335217, 42.42710263906088
-71.42103168618179, 42.427104317256465
-71.42103724411879, 42.42710673434117
-71.42104273602776, 42.42710670123188
-71.42104714566263, 42.42710961468534
-71.42105510199112, 42.42710922910952
-71.42106162590566, 42.4271098131625
-71.42106855529018, 42.4271097306146
-71.42107097453027, 42.42711437606419
-71.42106991016696, 42.42712044553788
-71.42106782397798, 42.42712637938696
-71.42107105800783, 42.42712765826798
-71.4210767496854, 42.427132035341884
-71.42107813537574, 42.42713818895136
-71.42107631111956, 42.42714457644313
-71.42108021281582, 42.42715049889351
-71.42108281860861, 42.42715501144932
-71.42108147946607, 42.4271596134941
-71.42108058163548, 42.42716336031434
-71.42108659311786, 42.42716351315043
-71.42108170990636, 42.4271695065679
-71.42107682919483, 42.427175720528574
-71.42107587147638, 42.427178202764864
-71.42107520206648, 42.427180910751304
-71.42107464105554, 42.42718402765832
-71.42107402196253, 42.42718724814795
-71.4210738126363, 42.42718928885424
-71.42107332572832, 42.427192934003756
-71.4210725852006, 42.42719659719266
-71.42107211140737, 42.42719978247329
-71.4210715414514, 42.427202635393336
-71.42107076404864, 42.4272060824273
-71.42106975623584, 42.42720933934223
-71.42106814685532, 42.427213483880124
-71.4210666308861, 42.42721771315032
-71.42106550082549, 42.42722163129107
-71.42106407099368, 42.42722560568371
-71.42106308720987, 42.42723020985332
-71.4210621329384, 42.42723421334697
-71.42106114946512, 42.427237778620004
-71.42105962538879, 42.42724083336715
-71.42105593840799, 42.427245194172265
-71.4210552099532, 42.427248931754804
-71.42105523590233, 42.42725277165026
-71.42105468075022, 42.42725570395848
-71.42105399714991, 42.42725921535947
-71.42105307574485, 42.42726259682939
-71.42104879272605, 42.42726716904694
-71.42104119960531, 42.427274414731286
-71.421041198457, 42.42727644141371
-71.42104152917508, 42.42727810246942
-71.42103725305805, 42.427282071002715
-71.42103094459353, 42.42728753467914
-71.42103205548483, 42.4272875905917
-71.42103219642986, 42.427288198117495
-71.42102922723639, 42.42729083260676
-71.42102372748133, 42.42729594458172
-71.42102372888714, 42.42729701360468
-71.42101813219439, 42.42730147228581
-71.42101020089235, 42.4273072593103
-71.42100426578067, 42.427311634277814
-71.42100503229905, 42.427310426954875
-71.4210000452524, 42.42731270381666
-71.42099096224193, 42.4273170738359
-71.42098404078993, 42.42732033880622
-71.42098367158782, 42.427318297295784
-71.42097541887722, 42.42732016829129
-71.42096632642682, 42.42732367193674
-71.42095860859968, 42.427326915874666
-71.42095245191723, 42.427328871539146
-71.42094404831325, 42.427331912176214
-71.42093881045226, 42.42733347113304
-71.4209307903727, 42.42733447457696
-71.42092863000154, 42.427332968346725
-71.42092520498022, 42.42733112898837
-71.42091527031997, 42.42733404867753
-71.4209069059104, 42.42733730279636
-71.42090000457429, 42.42733883365229
-71.4208933776013, 42.427340514906426
-71.42088737054348, 42.42734166167038
-71.42087993989573, 42.427344858124556
-71.42087630172176, 42.42734565700969
-71.4208750198746, 42.4273432767503
